6.37
6.04
8.29
7.74
7.84
7.74
7.74
7.72
7.54
7.55
7.77
7.22
7.45
6.27
7.41
7.3
6.69
6.73
7.24
6.66
6.67
7.12
6.58
6.88
6.63
6.75
6.79
6.71
6.22
6.74
6.51
6.35
7
6.84
6.95
6.4
6.71
6.69
6.24
6.84
6.78
6.31
7.04
6.02
6.4
5.64
6.74
6.02
5.74
6.2
6.06
5.68
6.53
7.72
7.27
6.84
7.91
6.57
7.22
6.49
5.55
5.39
4.63
5.45
5.48
6.37
5.84
5.32
6.03
5.76
5.98
6.1
6.57
6.3
6.09
6.18
5.49
6.41
6.23
6.28
6.17
6.11
6.27
6.74
6.33
6.38
6.34
5.77
8.03
7.05
7.49
6.79
7.74
6.29
6.34
6.31
6.62
6.15
5.91
6.09
5.97
6.52
6.83
6.81
7.04
