8.01
7.03
7.18
5.85
6.22
7.09
6.77
5.39
8.82
8.29
7.42
8.38
8.21
8.25
8.3
7.29
7.74
7.74
7.22
7
8.1
6.8
7.07
7.06
7.7
6.52
7.79
7.17
7.23
6.17
6.64
7.16
6.27
6.54
6.67
6.67
7.29
6.62
7.11
6.5
6.89
6.58
7.15
6.42
6.26
6.08
7.09
6.84
7.03
6.35
6.48
6.24
5.99
6.26
6.27
6.57
6.63
6.5
6.2
5.76
6.61
6.2
7.93
7
8.08
6
6.82
8.18
7.44
7.75
6.44
6.2
5.84
5.56
5.48
6.73
5.67
5.01
5.55
5.61
5.35
5.48
5.92
6.92
6.67
6.38
7.66
7.9
6.84
6.74
7.39
6.84
6.89
6.64
5.72
5.53
7.59
7.27
5.68
5.4
5.83
6.63
6.36
6.41
