8.72
7.12
7.48
7.07
6.17
7.19
6.57
6.87
5.78
6.3
7.32
6.36
6.95
6.34
6.07
5.87
5.7
7.42
8.21
7.87
8.25
7.74
7.51
7.24
6.88
7.72
7.74
8.1
6.58
7.07
6.68
7.56
6.89
7.49
6.52
7.79
6.54
6.79
6.6
7.29
7.15
6.72
6.27
6.78
6.63
7.29
6.11
6.21
6.6
6.48
6.56
6.55
6.36
6.45
6.43
6.87
6.48
6.24
5.98
6.27
5.87
6.63
6.5
6.65
6.19
4.78
6.2
5.76
6.2
5.39
6.1
7
8.77
8.08
7.06
5.72
6.83
6.43
6.09
5.89
5.52
5.07
5.14
5.23
5.41
5.66
5.63
4.85
5.39
4.85
6.45
5.92
5
5.07
6.34
7.44
7.72
7.6
7.29
6.6
7.35
6.79
7.11
6.45
5.95
5.95
6.23
5.33
6.15
7.14
5.96
6.93
6.54
5.68
6.29
5.81
6.14
