7.03
6.81
6.73
7.36
6.51
8.53
8.72
7.42
8.47
7.57
7.22
8.25
7.33
7.57
7.33
7.67
7.74
7.46
7.74
7.03
7.77
8.1
6.95
7.37
7.07
6.84
6.89
7.79
7.16
7.15
7.15
6.6
6.27
6.65
7.32
6.74
7.29
5.78
7.32
6.48
6.56
6.75
6.81
6.36
6.34
6.26
6.17
6.43
5.89
6.24
5.98
6.27
6.75
6.54
5.93
6.45
6.08
5.57
6.2
6.81
5.76
6.2
5.39
6.1
7
5.86
8.06
7.22
8.09
6.32
6.82
6.78
6.71
6.26
5.93
5.54
4.92
6.08
5.62
5.99
6.17
5.81
5.73
6.49
5.36
5.59
5.9
5.95
5.19
5.8
6.2
7.16
7.93
8.29
7.2
6.75
7.44
5.94
6.78
7.25
6.41
5.48
5.89
5.38
7.32
7.24
7.26
6.57
6.22
