7.91
8.79
7.17
7.73
7.28
7.17
6.86
7.06
6.27
7.59
7.3
7.41
6.53
6.65
6.49
6.03
6.54
6.43
5.63
8.53
7.42
8.47
7.57
8.25
7.33
7.57
7.67
7.74
7.03
7.46
7.74
7.77
6.73
7.37
7.36
7.79
7.16
7.15
7.15
6.6
6.27
6.65
7.32
6.74
7.29
7.32
6.48
6.56
6.36
6.34
6.26
5.89
6.24
5.98
6.27
6.75
6.54
5.93
6.45
6.08
5.57
6.2
6.81
5.76
6.2
5.39
6.1
7
6.76
4.79
8.06
7.22
6.46
6.32
6.5
5.21
6.71
7.16
6.48
6.03
5.94
4.8
5.71
5.8
6.06
5.65
5.4
5.52
5.55
5.38
5.73
4.75
5.71
5.79
5.26
5.08
5.55
6.97
7.62
6.04
5.45
6.31
7.13
7.4
7.37
5.8
6.68
6.15
6.55
6.45
6.16
5.62
