7.77
7.83
7.43
6.88
7.49
7.9
6.01
6.37
6.63
6.44
5.3
6.83
5.47
5.85
6.79
8.53
7.91
7.42
8.79
7.57
8.25
7.66
7.36
6.8
7.57
7.3
7.74
7.03
7.91
7.74
7.09
6.5
7.76
7.22
7.51
7.36
6.66
7.08
7.3
7.02
7.79
7.49
7.46
7.16
6.67
7.15
7.16
6.27
6.89
7.3
7.29
7.2
5.95
6.48
6.52
6.58
7.12
7.2
6.34
6.2
6.34
6.62
5.89
6.24
5.99
6.06
6.27
6.75
6.73
6.54
6.45
6.76
6.2
6.81
5.76
6.15
6.2
6.18
5.94
5.39
7
6.1
5.89
5.9
6.8
7.22
7.27
6.9
6.72
6.76
7.41
6.21
6.27
5.26
5.32
6.34
6.24
5.43
5.87
5.55
6.19
6.21
5.61
3.58
6.09
5.85
5.63
5.69
5.73
5.35
4.37
5.4
4.68
5.47
5.5
5.47
6.36
6.21
5.91
6.14
6.09
5.94
6.14
6.19
6.13
5.6
8.91
8.41
7.02
6.43
7.06
6.56
7
7.44
7.29
6.53
6.43
6.55
6.63
4.56
6.02
6.46
6.29
6
7.11
7.19
7.39
6.71
5.82
7.05
6
6.75
