7.66
7.36
7.3
7.29
7.91
6.68
7.09
6.44
6.5
7.22
6.64
7.51
6.43
6.66
6.36
7.08
7.3
7.02
7.49
7.46
7.16
6.67
6.89
7.3
7.2
5.95
5.44
5.12
7.12
7.2
6.2
6.62
6.06
6.73
6.76
6.15
6.18
8.53
7.91
7.42
8.79
7.57
8.25
6.8
7.57
7.49
7.74
7.03
7.74
7.42
7.76
7.36
7.79
7.15
7.16
6.27
6.73
7.29
7.29
7.41
6.48
6.52
6.58
6.65
6.34
6.34
5.89
6.24
5.99
6.27
5.63
6.75
6.54
6.45
6.2
6.81
5.76
6.2
5.94
5.39
7
6.1
6.43
7.18
5.39
7.73
7.22
6.68
6.58
6.17
6.26
6.5
5.9
6.41
5.2
5.79
6.26
5.46
5.98
5.51
5.24
5.84
5.46
5.69
6.92
4.69
5.42
5.11
6.58
5.69
4.75
7.58
8.22
7.75
7.27
6.75
6.67
6.03
5.49
6.3
6.43
6.41
6.34
6.49
6.08
6.17
6.9
6.65
