6.8
7.48
6.92
7.42
6.28
7.36
7.58
6.98
6.67
6.03
5.94
8.53
7.91
7.42
8.79
8.47
7.57
8.25
7.33
7.73
7.57
7.67
7.74
7.03
7.74
6.86
7.77
6.73
7.36
7.79
6.27
7.59
7.15
7.15
6.27
6.74
7.3
7.29
7.41
7.32
6.48
6.53
6.56
6.65
6.36
6.49
6.03
6.34
6.26
6.43
5.89
6.24
5.98
6.27
5.63
6.75
6.54
5.93
6.45
6.2
6.81
5.76
6.2
5.39
6.1
7
6.68
8.06
7.39
6.63
7.43
6.98
6.96
6.88
6.84
6.73
5.34
6.39
5.59
6.21
5.83
5.65
5.93
6.25
5.55
5.33
5.74
4.54
5.01
5
7.96
7.26
7.36
7.26
7.33
6.68
6.68
6.81
7.07
4.97
6.71
6.29
6.39
6.29
6.29
6.77
