7.59
7.99
8.16
7.37
7.5
7.24
7.48
7.46
6.27
7.34
7.15
6.78
6.05
6.63
7.24
6.14
6.96
6.53
7.16
6.88
5.82
6.63
5.84
6.21
6.45
5.96
5.71
6
8.53
7.91
7.42
7.77
8.79
7.83
7.57
8.25
7.66
6.8
7.43
7.57
7.74
7.03
7.49
7.74
7.76
7.51
7.36
7.3
7.79
7.46
7.16
7.15
7.16
6.27
6.89
7.3
7.29
7.2
5.95
6.48
6.58
7.12
7.2
6.34
6.2
6.34
6.62
6.44
6.24
5.99
6.27
6.73
6.83
6.76
6.2
6.81
6.79
5.76
6.2
6.18
5.39
7
6.1
6.42
4.44
8.05
6.8
6.95
6.77
6.4
5.67
5.75
6
5.74
6.07
6.33
5.58
6.69
6.64
6.84
5.84
6.21
5.77
6.61
5.9
5.46
5.25
5.49
5.37
6.04
5.23
5.54
5.75
5.96
6.15
3.6
5.39
4.49
4.7
5.47
4.24
4.87
4.27
5.43
5.36
5.07
5.31
5.19
4.95
6.31
6.02
5.96
6.07
6.08
5.98
6.08
6.07
6.16
6.18
6.15
5.38
5.78
5.86
6.36
7.67
7.28
6.51
6.69
6.52
6.76
5.82
6.62
7.08
6.97
7.01
6.82
6.72
