7.51
8.03
7.07
7.23
8.11
7.05
7.19
8.04
7.32
7.3
7.01
7.23
6.68
6.75
6.61
7.55
7.03
7.41
7.48
6.3
6.64
7.36
6.76
5.34
6.66
6.55
5.73
6.15
5.63
8.53
7.91
7.73
7.42
7.83
7.57
8.25
7.99
8.16
7.49
7.37
7.57
7.74
6.76
7.03
7.46
7.74
7.34
6.78
6.96
7.61
7.3
7.79
7.46
7.63
6.88
6.84
6.8
7.16
6.17
6.27
7.29
6.63
6.48
6.58
5.2
6.34
6.34
6.44
6.24
5.99
6.27
6.55
6.81
5.76
6.2
6.18
5.39
7
4.09
5.44
8.38
7.41
7.49
6.67
7.63
6.84
5.91
6.84
6.51
6.41
6.26
6.38
6.17
6.31
6.02
6.6
6.34
7.05
5.6
5.59
5.81
5.78
6.09
6.2
6.32
6.21
5.9
5.79
5.76
5.44
5.63
5.26
5.52
5.49
5.47
3.84
5.54
5
5
6.73
5.45
6.18
5.05
4.67
5.88
8.39
6.94
6.77
7.43
6.56
5.89
6.85
6.45
6.44
