7.91
8.45
8.02
7.86
7.18
7.68
7.33
7.27
7.23
7.67
5.9
7.26
7.51
6.45
8.11
6.95
6.67
7.38
6.32
6.05
7
6.8
5.65
5.92
6.46
5.85
6.23
5.93
6.1
5.74
8.53
7.91
7.42
7.57
8.25
7.99
7.23
8.21
8.11
8.16
7.05
7.33
8.04
7.57
6.98
7.74
6.76
7.03
7.01
7.74
7.34
6.61
7.55
6.81
6.78
7.41
7.48
6.96
7.61
7.79
6.18
6.24
6.88
6.8
6.35
7.16
6.27
7.36
7.29
6.76
6.48
6.58
6.34
6.59
6.66
6.24
5.99
6.27
6.55
6.81
5.77
5.76
5.63
6.2
6.18
5.39
7
6.78
6.8
7.38
8.17
7.61
6.67
6.08
7.24
7.07
6.05
6.97
6.4
7.41
6.08
6.7
6.39
6.37
5.78
6.17
6.5
5.44
6.21
6.16
5.95
5.79
6.69
4.08
5.41
5.32
5.13
7.74
6.29
6.52
5.98
6.75
5.87
6.38
7.24
6.89
7.39
6.85
6.78
7.1
6.79
6.32
6.45
6.38
5.59
6.36
6.8
