7.73
7.28
7.49
7.2
6.76
6.68
6.19
6.96
7.61
7.24
7.63
6.84
6.8
6.17
5.2
6.02
6.55
8.53
7.91
7.42
8.79
7.83
7.57
8.25
7.66
7.99
8.16
7.37
7.57
7.5
7.74
7.03
7.46
6.27
7.74
7.34
7.15
6.78
7.76
7.51
7.3
7.24
7.79
7.46
6.53
7.16
6.88
7.16
6.27
6.89
7.29
6.63
6.48
6.58
7.12
5.84
6.34
6.34
6.21
6.62
6.44
6.45
6.24
5.99
6.27
5.71
6.73
6.83
6.81
5.76
6.2
6.18
5.39
7
6.1
4.72
7.34
8.38
7.31
6.8
7.22
7.49
6.61
6.52
5.51
5.29
7.1
6.37
6.55
5.34
6.21
6.48
5.62
4.73
5.44
5.8
6.22
5.55
4.87
6.07
4.83
5.25
5.52
5.32
7.1
7.26
7.12
6.81
6.51
6.58
7.28
6.65
6.78
6.36
6.52
7.16
6.38
6.69
7.19
7.41
6.64
6.46
6.88
6.24
5.53
6.54
