8.21
7.33
7.25
6.98
6.81
6.83
6.18
6.24
6.35
5.91
6.59
5.77
6.78
8.53
7.91
7.51
7.42
7.83
8.03
7.57
8.25
7.07
7.99
7.23
8.11
8.16
7.05
7.49
7.19
8.04
7.37
7.57
7.74
6.76
7.03
7.46
7.3
7.01
7.74
7.23
6.68
7.34
6.61
7.55
7.03
6.78
7.41
7.48
6.96
7.61
6.3
7.79
7.46
6.88
6.8
7.16
6.27
7.36
7.29
6.76
6.63
6.48
6.58
6.34
6.44
5.34
6.66
6.24
5.99
6.27
6.55
6.55
5.73
6.15
6.81
5.76
5.63
6.2
6.18
5.39
7
6.41
7.49
6.67
6.46
6.84
7.24
6.7
7.89
6.61
6.07
5.82
6.76
5.71
7.06
6.52
6.16
5.9
6.53
5.92
6.33
5.67
5.97
5.76
5.55
2.9
5.84
5.8
5.93
6.04
5.74
5.39
5.76
7.92
8.3
7.28
6.96
6.62
6.66
6.83
6.61
5.91
6.15
6.27
5.63
5.32
4.33
5.06
7.71
5.55
6.38
5.92
4.48
6.3
5.33
5.8
5.79
