8.13
6.55
6.33
6.97
6.85
6.15
6.92
6
7.3
6.34
6.89
6.67
6.59
6.4
5.64
6.25
7.91
8.53
7.91
8.45
7.57
8.25
7.29
7.78
7.88
7.86
7.99
7.18
8.11
7.68
7.63
7.46
8.02
7.12
6.51
7.74
7.03
7.01
7.37
7.09
7.25
7.74
7.83
7.34
7.66
6.94
7.44
6.37
7.67
6.78
6.94
7.02
6.7
7.41
6.77
7.79
6.81
7.16
7.16
6.27
7
7.36
6.8
7.29
6.48
6.58
6.46
6.38
6.91
5.82
6.34
6.58
7.08
6.18
6.24
5.99
6.27
6.3
6.93
5.78
5.74
6.23
6.52
5.68
6.81
5.76
5.63
6.18
5.39
7
4.91
8.26
7.39
7.02
6.64
7.04
6.43
6.23
6.64
6.15
6.28
6.09
7.28
6.16
5.93
5.34
6.33
5.68
5.82
5.75
5.61
5.75
5.62
5.1
4.67
5.84
6.88
7.1
6.61
7.08
5.81
7.63
5.44
6.23
6.17
6.37
6.19
6.35
6.65
7.2
7.06
7.46
6.59
6.97
6.68
7.21
5.41
6.38
6.54
6.53
5.77
6.73
5.67
5.68
6.04
