8.27
7.74
8.34
7.49
7.92
7.01
7.33
7.98
6.9
7.57
7.6
7.21
7.39
6.73
7
7.21
7.49
6.66
7.11
7.74
6.5
5.96
7.23
6.77
7.24
7.06
7.44
6.48
5.44
7.09
6.97
6.41
6.43
6.13
5.86
5.37
5.56
7.91
8.53
7.91
7.57
8.25
7.99
7.18
7.63
6.85
8.02
7.12
6.51
7.74
7.03
7.01
7.25
7.74
7.83
7.66
6.94
7.02
7.41
7.79
6.81
7.16
7.16
6.27
7.36
7.29
6.48
6.58
6.38
6.91
6.34
7.08
6.18
6.4
6.24
5.99
6.27
5.78
6.25
6.52
6.81
5.76
5.63
6.18
5.39
7
6.05
6.26
7.24
6.32
6.38
7.72
6.54
6.74
5.55
5.93
6.31
6.1
6.61
6.4
5.68
5.83
6.06
6.01
5.61
6.17
5.74
5.76
4.98
6.31
6.42
5.06
7.75
8
3.5
None
8.31
7.87
6.14
6.66
6.99
5.26
6.5
5.76
6.83
7.43
6.76
7
6.25
5.43
7.34
7.29
6.81
6.23
6.3
6.45
3.57
