8.41
7.29
7.78
7.88
7.63
7.46
8.02
7.12
6.51
7.37
6.75
7.09
7.25
7.83
7.44
6.37
6.94
6.64
7.02
6.7
6.77
6.05
7.16
6.59
6.09
6.4
6.37
5.82
6.58
7.08
6.18
6.3
5.78
6.52
5.68
7.91
8.53
7.91
8.45
7.89
7.57
8.25
7.86
7.99
8.21
7.18
8.11
7.68
7.74
7.03
7.01
7.74
7.34
7.66
6.94
7.67
6.78
7.41
7.79
6.81
7.16
6.27
7
7.36
6.8
7.29
6.48
6.58
5.92
5.49
6.46
6.38
6.91
6.34
6.44
6.24
5.99
6.27
6.93
5.74
6.23
6.81
5.76
5.63
6.18
5.39
7
8
5.87
6.09
8.29
7.32
6.8
6.67
7.02
4.53
6.34
6.61
5.97
5.33
4.83
6.08
6.55
6.35
6.22
6.34
6.48
5.58
6.17
5.78
5.66
5.3
5.48
5.63
5.84
5.71
6.81
4.27
5.63
6.16
5.46
5.89
5.5
7.94
7.11
7.32
7.19
6.21
8.35
6.56
7.06
7.36
6.83
6.51
6.71
6.17
6.24
5.7
