7.89
6.68
7.01
7.66
6.94
6.81
6.12
6.87
6.71
6.07
6.7
6.81
6.57
5.49
5.41
6.38
6.91
6.81
6.44
6.93
5.74
7.91
8.53
7.91
8.45
7.57
8.25
7.86
7.99
7.23
8.21
7.18
8.11
7.68
8.16
7.05
8.04
7.57
7.33
7.74
7.03
7.27
7.01
7.74
7.34
7.55
6.81
7.67
5.9
6.78
7.26
7.41
7.48
7.51
8.11
6.95
7.79
6.67
7.38
6.8
7.16
6.27
7
7.36
6.8
7.29
5.65
6.48
6.58
5.92
6.46
6.34
5.85
6.59
6.24
5.99
6.27
6.55
6.23
5.93
6.1
6.81
5.77
5.76
5.63
6.2
6.18
5.39
7
6.78
7.2
8.29
6.94
6.58
6.08
6.55
6.44
6.56
5.67
6.15
6.87
6.11
6.38
6.26
6.24
6.55
5.47
6.67
5.94
6.22
6.14
5.76
6.73
5.87
5.31
5.48
5.79
5.65
5.45
5.69
6.53
5.33
4.65
5.75
7.68
7.4
5.58
6.25
5.64
7.05
8.18
6.62
6.81
6.95
7.35
6.5
6.63
5.74
5.55
6.05
4.87
