8.5
8.7
7.16
7.03
7.37
8.22
7.54
7.82
7.23
6.88
6.84
7.84
6.53
7.12
7.19
7.16
7.63
6.86
5.98
7.5
7.23
6.39
6.75
7.03
7.22
5.57
6.99
6.29
5.78
6.75
7.52
7.42
6.43
6.76
6.44
6.59
6.72
6.24
6.65
5.87
6.25
5.85
5.32
6
7.91
8.27
8.53
7.91
7.57
7.72
8.25
7.74
8.54
7.99
7.18
7.63
7.57
7.74
7.03
7.03
7.74
6.94
7.74
7.23
7.41
6.82
6.35
7.21
7.79
5.47
6.48
7.16
6.27
6.27
7.36
7.29
7.19
6.48
6.58
6.34
6.37
7.08
6.24
5.99
6.27
6.13
5.76
5.63
6.18
5.39
7
5.49
7.21
8.36
6.92
7.1
6.2
6.89
5.43
6.82
6.6
6.32
6.92
6.29
6.62
6.53
7.43
7.79
6.17
5.98
6.41
5.76
6.21
6.39
6.82
6.34
6.28
6.29
5.8
6.28
5.99
6.99
5.95
6.23
5.77
5.23
5.45
5.75
7.17
8.19
7.16
6.64
6.7
7.95
6.64
7.48
7.14
5.53
6.8
5.53
5.94
6.17
