7.72
8.54
7.42
7.46
7.03
6.19
6.74
6.82
7.1
6.35
7.21
6.94
6.28
6.7
6.7
5.02
5.47
6.36
6.27
7.19
6.37
7.91
8.27
8.53
7.91
7.57
8.25
7.74
8.34
7.49
7.92
7.99
7.18
7.98
7.63
6.9
7.57
8.02
7.6
7.12
7.39
6.51
7.74
7.03
6.73
7.49
7.74
7.83
6.94
7.74
7.02
7.23
7.41
7.24
7.79
7.44
6.48
7.16
7.16
6.27
5.44
7.36
7.29
6.48
6.58
7.09
6.97
6.34
6.41
7.08
6.18
6.43
6.24
5.99
6.27
6.13
5.86
5.78
6.25
5.37
6.52
6.81
5.56
5.76
5.63
6.18
5.39
7
3.11
3.21
6
8.36
8.08
6.77
6.6
7.37
6.55
6.43
7
6.41
6.43
6.11
6.38
6.43
5.83
6.05
6.27
5.17
6.01
6.1
5.16
5.97
5.81
5.76
5.78
5.69
6.53
5.81
5.56
6.18
5.94
6.07
6.71
6.1
7.88
7.25
7.36
7.13
7.33
7.46
7.45
6.13
6.34
6.45
8.05
7.11
6.61
6.26
5.05
