7.88
8.01
8.36
7.52
8.2
7.7
7.23
7.49
7.53
7.3
7.47
7.75
8.01
8.36
7.08
6.97
6.78
7.29
6.63
6.57
7.63
7.7
6.8
7.13
7.54
6.25
7.03
7.29
6.5
6.52
6.83
6.51
6.08
7.18
7.25
5.94
6.54
5.94
6.09
6.34
6.22
4.93
6.39
5.11
7.91
8.53
8.5
8.7
8.25
8.54
7.99
7.19
7.18
7.56
8.22
7.63
7.82
7.57
7.84
7.74
7.03
7.35
7.03
7.19
7.74
7.41
7.16
7.03
7.41
6.35
7.79
5.47
6.92
6.29
7.16
6.27
6.27
6.74
7.36
7.29
5.79
7.42
7.19
6.48
6.58
6.44
7.2
6.34
7.08
6.24
6.72
5.99
6.62
6.27
5.59
6.24
6.25
5.76
5.63
5.57
6.18
5.39
7
6.26
5.39
7.73
6.95
6.89
5.78
1.9
6.6
6.16
6.55
6.49
6.51
6.28
6.41
6.41
6.48
6.03
6.55
5.24
5.48
5.4
6.49
5.95
6.47
8.72
7.69
7.62
6.94
5.99
6.54
7.44
6.3
5.66
6.4
6.41
5.97
5.03
5.78
5.48
