7.71
7.19
6.72
6.58
7.56
7.35
6.98
7.41
7.76
7.03
6.06
6.22
7.31
6.92
6.74
5.79
7.2
6.62
5.59
5.57
7.91
8.27
8.53
8.5
7.91
8.7
7.57
8.25
8.54
7.03
7.99
7.18
8.22
7.54
7.63
7.82
7.57
6.88
7.84
7.74
6.53
7.03
7.12
7.03
7.19
7.74
7.16
6.94
7.63
7.74
7.5
7.23
6.39
7.23
7.41
6.35
7.79
5.47
6.48
6.29
7.16
6.27
6.27
6.75
7.52
7.36
7.29
7.42
7.19
6.43
6.48
6.58
6.44
6.34
7.08
6.24
6.72
5.99
6.27
6.24
6.65
5.87
6.25
5.76
5.63
5.32
6.18
5.39
7
8.36
7.15
7.63
6.83
6.79
6.14
7.02
6.12
6.36
6.75
5.97
5.93
6.25
5.18
6.54
5.75
6.08
6.23
5.86
6.18
6.08
6
6.65
5.8
5.87
5.32
5.82
7.17
7.07
7.4
6.66
7.83
6.87
7.36
4.78
6.2
6.61
6.21
5.87
4.81
6.93
7.29
6.96
7.4
6.72
6.74
6.41
6.12
7.18
6.26
5.06
6.43
5.59
6.16
