7.2
8.02
7.3
7.71
6.58
7.34
7.51
7.45
7.08
7.53
6.41
7.33
6.36
6.71
6.58
6.24
6.24
6.78
6.18
6.53
7.04
6.07
7.91
7.88
8.53
8.7
8.14
8.25
8.12
7.62
7.39
7.64
8.03
7.23
7.18
7.41
7.83
7.3
8.22
7.63
7.38
7.82
8.01
7.16
7.57
7.84
7.74
7.03
7.36
8.16
7.7
7.01
6.99
7.33
7.41
7.03
7.02
7.57
6.83
7.39
7.53
7.18
7.15
7.25
6.29
6.72
7.16
6.48
6.27
7.15
7.45
7.36
7.29
6.8
6.48
6.58
6.34
6.98
6.22
6.78
6.24
5.99
6.27
6.23
6.53
6.25
5.76
5.63
5.57
7.83
5.39
7
4.87
6.17
6.72
2.34
7.16
7.77
6.93
6.71
7.34
7.14
6.37
6.12
5.72
5.94
6.38
5.42
6.75
5.53
6.65
6.06
6.5
6.5
7.66
7.85
6.98
7.38
8.01
7.37
7.62
7.74
7.17
7.02
6.79
4.85
6.09
6.5
7.45
5.86
5.99
7.21
5.93
6
7.93
5.72
7.4
8.11
7.4
7.49
8.16
6.64
6.92
6.43
7.18
6.5
6.48
5.94
7.1
6.37
6.51
6.46
5.11
6.5
4.77
5.2
