7.4
7.41
7.06
6.79
7.11
6.86
7.39
6.43
7.04
6.64
7.02
7.57
7.37
6.21
5.68
7.3
6.31
6.72
6.48
5.62
7.45
6.98
6.26
6.78
5.82
4.84
6.53
5.65
6.77
7.91
7.88
8.53
8.5
8.7
8.01
8.36
8.25
8.2
7.23
7.99
7.18
7.49
7.53
7.3
8.22
7.63
7.82
7.75
8.01
8.36
7.57
7.08
7.84
7.74
7.03
7.29
7.74
7.63
7.7
7.16
7.13
7.54
7.03
7.41
7.03
7.29
6.5
6.52
6.83
7.18
6.92
7.25
6.29
7.16
6.27
7.36
7.29
7.42
7.19
6.48
6.34
6.58
6.44
7.2
6.34
7.08
6.24
6.72
5.99
6.27
6.24
6.25
5.76
5.63
5.57
6.18
5.39
7
6.1
5.87
5.87
6.72
7.48
7.13
7.04
6.9
6.95
6.92
6.53
6.4
6.07
6.41
6.36
6
6.92
5.42
5.72
6.64
5.76
5.66
7.07
6
7.73
7.33
7.83
7.13
7.43
7.23
7.56
7.22
7.34
6.39
6.24
5.03
5.9
5.88
6.05
6.57
7.35
6.92
7
6.63
5.45
6.14
6.75
7.04
