8.73
7.62
7.74
7.73
7.46
7.26
7.89
7.74
7.72
7.68
7.98
8.05
7.35
7.42
6.89
7.33
6.84
6.58
7.9
7.18
7.35
7.31
6.43
6.78
7.19
6.94
6.7
6.41
5.94
7.25
7.26
7
6.54
5.73
5.97
8.25
7.91
7.88
8.53
8.14
7.2
8.25
8.03
7.23
7.18
7.3
7.83
8.22
7.63
7.82
8.01
7.34
7.51
7.84
7.74
7.03
7.36
7.08
8.16
7.53
7.7
7.33
6.99
7.33
7.02
7.39
7.53
7.15
7.25
6.29
6.72
7.16
6.48
6.27
7.15
7.45
6.78
7.36
7.29
6.8
6.48
6.58
6.34
6.98
6.22
6.78
6.24
6.53
5.99
6.27
7.04
6.23
6.53
6.25
5.76
5.63
5.57
6.07
5.39
7
6.39
5.8
4.56
5.34
4.75
6.85
7.43
7.81
6.31
7.88
6.96
7.5
7.96
6.07
7.1
6.79
7.31
6.51
6.83
6.18
6.26
6.12
5.84
6.33
6.62
6.03
6.65
5.85
6.04
6.64
5.82
5.62
4.22
5.95
6.53
7.81
6.56
7.15
7.21
7.3
6.33
5.58
6.15
6.5
7.64
7.78
7.3
7.58
6.95
6.69
6.75
7.46
7.04
7.55
6.74
6.55
6.44
5.84
4.51
5.81
7.2
5.94
