8.14
8.12
7.62
7.39
7.64
8.03
7.06
7.41
6.76
7.83
7.38
6.63
7.16
7.36
7.74
6.97
8.16
7.01
6.99
5.87
7.33
6.31
5.03
6.62
7.39
7.53
7.15
7.15
7.65
6.8
6.31
6.22
6.23
7.83
7.91
7.88
8.53
8.7
8.25
7.41
7.23
7.06
7.18
7.3
8.22
7.63
7.82
7.75
8.01
7.11
8.36
7.57
7.84
7.74
7.03
7.7
7.39
7.41
7.03
7.02
7.57
6.83
7.18
6.92
7.25
6.29
6.72
7.16
6.48
6.27
7.45
7.36
7.29
6.48
6.58
7.2
6.34
6.98
6.26
6.78
6.24
5.99
6.27
6.53
6.25
5.76
5.63
5.57
5.39
7
5.65
6.77
5.42
6.72
6.46
6.98
6.81
7.14
6.8
6.69
7.06
6.45
6.13
6.17
5.58
6.32
6.32
5.3
6.33
6.73
6.34
6.02
5.83
6.33
6.03
4.51
5.04
5.33
7.92
7.24
6.89
6.81
6.18
6.58
5.64
5.18
6.64
7.28
7.21
7.58
7.14
7.01
6.4
6.35
6.37
5.86
5.94
6.47
4.92
