7.49
8.36
7.43
8.31
7.47
7.3
6.81
6.83
6.89
6.41
6.84
6.66
6.7
6.89
6.92
7.17
6.33
6.97
7.06
6.77
3.94
7.38
5.77
6.36
4.79
5.61
6.43
7.91
7.88
8.53
8.31
8.99
8.07
7.97
8.48
7.74
7.62
8.07
8.25
7.72
8.03
7.23
8.09
7.18
7.39
7.67
7.35
8.02
7
7.38
7.06
7.33
8.24
7.64
7.84
7.74
7.21
7.36
7.54
7.51
6.64
7.4
7.25
7.37
7.9
7.35
6.63
7.68
7.35
7.21
6.68
7.54
6.69
6.04
6.94
7.01
7.16
6.36
7.24
7.25
6.27
7.45
6.7
7.34
7.03
7.36
7.08
7.29
6.76
7
6.48
6.58
6.27
6.34
6.36
6.98
6.72
6.08
6.1
6.78
5.9
6.67
6.24
5.99
6.27
6.05
5.73
5.52
5.8
5.83
7.04
5.47
5.97
6.38
6.25
5.76
5.63
5.57
6.07
5.39
8.25
6.18
7.2
5.87
6.27
4.21
8.5
4.92
7.49
7.21
7.19
6.9
6.68
6.93
6.29
6.95
6.32
6.73
6.35
6.63
6.54
6.78
7.03
6.8
6.04
5.94
6.01
5.74
6.93
5.58
6.48
6.36
5.98
5.13
4.69
6.22
5.36
6.68
6.71
8.3
6.96
7.09
6.95
7.52
7.32
6.19
5.66
7.49
5.3
6.08
6.03
5.91
8.18
7.21
7.67
6.58
6.54
6.82
7.05
7.12
7.14
7.19
7.02
6.44
5.92
6.68
6.44
6.65
6.47
6.44
6
5.74
6.1
6.22
6.76
6.06
6.58
5.38
5.1
5.31
5.24
