8.66
8.77
8.14
8.28
8.25
8.08
8.2
7.89
7.43
7.84
8.01
7.22
7.68
7.6
7.24
7.12
7.44
7.12
7
7.66
7.15
7.22
7.14
7.19
6.5
6.72
7.15
7.11
7.09
7.11
6.32
6.97
6.01
7.21
6.75
6.83
6.56
6.24
6.35
6.9
6.47
6.83
6.99
6.45
6.53
6.12
5.88
6.62
5.81
5.15
5.5
6.59
5.87
5.41
7.91
7.88
8.53
8.99
8.36
8.48
8.25
7.43
8.03
7.23
7.67
8.02
7.38
7.06
7.47
7.84
7.3
7.74
7.36
7.54
6.83
7.25
6.41
6.84
6.33
7.21
7.53
7.06
7.16
7.24
6.27
6.7
7.34
6.77
7.36
7.29
6.76
6.48
6.58
6.27
6.34
6.98
6.72
6.78
5.9
6.67
6.24
5.99
6.36
6.27
5.73
5.52
5.8
5.83
7.04
5.47
4.79
6.38
6.25
5.76
5.61
5.63
5.57
6.07
5.39
8.25
7.18
6.56
6.39
5.85
6.22
5.16
7.7
7.24
7.52
7.16
7.32
7.93
7.18
6.55
6.87
7.1
5.77
6.82
6.5
6.48
6.58
6.35
5.88
5.36
6.9
6.47
6.21
8.1
7.54
8.04
7.12
7.51
6.64
6.86
5.09
6.1
6.32
4.31
7.79
7.09
7.49
6.67
7.43
6.37
6.53
5.45
6.39
6.26
6.29
5.36
5.37
