7.96
8.31
8.99
8.12
8.07
8.48
7.62
8.07
7.72
8.09
7.39
7.67
7.35
8.02
7
7.38
7.06
7.33
7.33
8.24
7.64
7.11
6.71
7.21
6.98
6.66
6.83
7.54
7.51
6.64
6.64
7.4
7.05
7.25
6.39
6.19
7.37
6.86
6.72
6.63
7.68
7.35
6.49
6.68
6.69
6.71
6.04
7.01
6.84
7.24
6.7
7.34
7.03
7.08
6.76
6.41
6.75
6.36
6.34
6.08
6.1
5.9
6.67
6.05
5.52
5.8
5.83
5.47
5.67
6.76
6.18
7.91
7.88
8.53
7.48
8.73
7.97
7.74
8.25
7.26
8.03
7.23
7.18
7.84
8.34
7.74
7.36
7.53
7.9
7.35
7.31
7.21
7.53
6.94
7.16
6.36
7.25
6.27
7.45
7.36
7.29
7
5.89
6.48
6.58
6.27
6.54
6.34
6.98
6.72
6.22
6.78
6.24
5.99
6.27
5.73
7.04
5.97
6.06
5.16
6.38
6.25
5.76
5.63
5.57
6.07
5.39
8.25
7.27
3.94
3.37
6.11
4.95
5.55
6.1
5.56
6.93
6.98
6.92
6.79
6.16
5.96
6.04
6.4
6.23
5.55
5.59
5.28
5.92
8.18
6.77
7.08
5.14
6.79
6.51
5.91
7.73
7.22
6.56
7.05
7.47
6.7
7.37
6.99
6.59
7.04
5.95
6.76
6.1
6.26
5.73
6.92
