7.48
7.97
7.4
7.59
7.53
8.34
6.8
6.73
6.46
6.67
7.49
6.96
6.49
7.21
7.42
6.71
6.29
6.77
7.05
6.36
4.82
5.89
6.08
6.27
6.72
4.54
6.23
6.06
5.16
6.38
6.62
7.91
7.88
8.53
8.73
7.62
8.14
7.74
7.73
7.46
8.25
7.26
8.03
7.23
7.18
7.83
8.22
7.63
7.82
7.68
8.01
7.98
7.84
7.35
7.74
7.03
7.36
8.16
7.53
7.33
6.84
7.7
7.33
7.9
7.18
7.35
7.33
7.31
6.43
7.39
7.53
6.78
7.19
7.15
6.94
6.7
6.29
7.16
5.94
7.25
6.27
7.15
7.45
7.36
7.29
7.26
6.8
7
6.48
6.58
6.54
6.34
6.98
6.22
6.78
6.24
5.99
6.27
5.73
7.04
5.97
6.23
6.25
5.76
5.63
5.57
6.07
5.39
7
8.25
5.93
8.5
7.41
8.04
7.8
7.28
7.03
6.22
7.52
7.5
6.75
6.67
6.8
6.46
6.64
6.25
6.23
5.92
6.28
5.56
6.28
5.14
6.13
5.04
5.79
5.39
6.08
5.67
7.18
7.39
7.25
7.51
7.29
7.41
7.54
6.75
4.96
6.75
4.98
7.63
5.98
7.04
7.17
8.08
6.77
6.71
7.55
6.89
6.45
7.05
7.05
6.83
6.21
6.74
6.19
6.05
4.27
