8.18
7.7
8.02
8.31
8.2
7.54
7.31
7.75
7.52
6.98
6.81
7.39
7.4
7.81
6.74
7.63
7.69
7.12
6.75
6.99
7.61
6.8
7.43
6.93
6.53
7.13
6.85
7.28
7.07
7.19
5.43
7.43
6.22
6
6.47
5.96
5.96
6.36
6.12
5.52
5.63
6.05
5.41
6.21
7.33
8.2
7.88
8.53
8.46
8.99
8.14
8.28
8.31
8.25
7.67
8.03
7.23
8.13
7.68
7.24
6.38
7.84
7.74
6.51
8.15
7.25
7.07
7.49
7.09
7.95
7.39
7.24
6.13
7.53
7.16
6.27
7.06
6.7
7.36
7.29
6.48
6.58
7.06
6.5
6.34
6.24
5.99
6.82
6.27
5.52
5.8
7.04
5.73
6.57
6.25
5.76
5.63
5.57
6.07
5.39
6.06
8.25
6.93
5.02
3.46
5.79
5.13
5.55
8.38
7.17
6.86
7
6.89
7.28
7.56
6.7
6.04
7.39
4.98
6.69
6.8
6.71
6.48
6.58
6.84
6.53
7.38
6.09
6.22
6.17
6.17
7.2
5.75
5.75
6.71
6.4
5.7
6.65
4.8
7.71
7.54
7.92
7.6
7.42
6.77
6.45
7.35
6.36
6.56
5.43
6.47
6.29
6.6
7.66
7.57
7.79
7.17
6.81
7.73
6.56
7.61
6.61
6.93
6.62
6.61
6.87
6.22
7.36
5.11
5.6
5.95
4.6
