8.46
5.95
7.63
8.31
7.96
7.08
8.43
6.98
7.47
7.2
7.35
6.84
6.48
7.07
7.09
7.49
6.48
6.72
7.35
6.9
6.51
6.58
6.89
8.2
7.88
8.72
8.53
8.19
8.99
8.14
7.85
7.82
8.28
8.15
7.4
7.86
8.2
8.25
7.67
8.2
7.77
8.03
7.23
7.72
8.13
7.61
7.68
7.24
8.04
7.37
7.09
6.38
7.99
7.84
7.7
7.74
7.29
7.43
7.67
6.51
8.15
7.25
6.59
7.09
6.63
7.95
7.39
7.3
7.24
7.21
6.13
6.68
6.37
6.61
7.53
6.93
7.46
7.16
6.27
7.06
6.77
6.7
7.36
7.29
6.14
6.48
6.58
7.06
6.5
6.34
7.25
6.35
6.24
5.99
6.45
6.82
6.27
6.53
5.52
5.8
6.62
5.81
7.04
5.73
6.57
6.25
5.76
5.63
5.57
6.07
5.39
6.06
8.25
5.37
5.12
6.81
7.08
8.07
7.17
6.04
7.03
6.94
5.59
6.44
5.52
6.81
5.84
6.61
6.87
5.93
6.01
6.3
6.54
5.28
5.21
6.86
5.85
5.92
6.29
8.14
8.37
7.4
7.31
7.33
7.77
7.29
6.99
7.6
6.83
7.24
6.8
6.81
5.89
5.97
6.19
5.89
5.45
6.81
7.79
7.28
7.39
7.16
7.21
7.01
7.07
7.01
7
6.69
6.7
6.41
6.66
6.74
6.96
7.4
6.13
6.16
6.92
5.5
6.4
6.72
6.08
6.6
5.85
6.6
7.28
