8.72
8.19
7.85
7.82
8.15
7.4
7.86
7.41
7.67
8.2
7.77
7.72
8.13
7.62
7.29
8.04
7.37
7.09
6.38
7.99
7.7
7.29
7.43
7.67
6.51
8.15
6.59
6.91
6.72
6.6
7.96
6.83
6.28
6.63
7.4
7.3
6.69
7.23
6.37
6.74
6.42
6.93
7.02
7.47
7.07
6.78
6.14
7.07
6.5
7.23
6.35
6.82
6.06
4.8
5.73
6.57
6.06
6.06
5.37
8.66
8.77
8.2
7.88
8.53
8.99
8.14
8.28
8.39
8.2
8.25
8.03
7.23
7.68
7.24
6.89
7.84
8.35
7.74
7.25
6.41
7.09
7.95
7.24
7.21
6.13
6.56
6.61
7.54
6.97
6.45
6.02
7.15
6.27
6.71
7.36
6.71
7.29
6.48
6.57
6.35
6.24
5.98
6.45
6.27
6.54
5.73
5.52
5.8
6.62
5.81
7.04
6.25
5.76
5.63
5.57
6.07
5.39
8.25
5.01
8.5
7.08
4.97
7.24
8.03
7.39
6.04
7.72
7.25
7.97
7.11
5.52
6.71
6.23
6.6
6.62
6.81
6.35
6.13
6.94
6.41
6.22
5.74
6.43
6.18
6.11
4.05
5.01
6.09
7.43
7.77
7.58
7.12
7.59
7.13
7.24
6.85
6.94
6.06
7.5
6.74
6.89
6.7
6.82
7.56
6.82
6.53
7.14
6.36
6.26
6.39
6.8
6.32
6
6.66
5.99
6.07
5.74
7.1
