8.2
8.39
6.89
7.47
7.24
8.35
6.61
6.58
6.47
7.32
7.09
7.95
7.24
6.13
6.52
7.09
6.61
6.96
6.34
6.45
6.01
6.72
6.65
6.13
6.16
7
8.66
7.91
8.77
7.88
8.53
8.99
8.14
8.28
8.48
8.08
8.2
8.25
7.89
7.43
8.03
7.23
7.84
8.01
7.68
7.6
7.24
8.02
7.12
7.38
7.06
7.84
7
7.3
7.66
7.74
7.36
7.15
7.22
7.14
7.15
7.25
6.41
7.11
6.97
7.21
6.75
6.83
6.56
7.53
6.9
7.06
7.16
7.24
6.27
6.7
6.99
7.34
7.36
7.29
6.76
6.48
6.58
6.34
5.9
6.67
6.24
5.99
6.45
6.27
6.53
6.12
5.73
5.52
5.8
6.62
5.81
7.04
5.47
6.38
6.25
5.76
5.63
5.57
5.41
6.07
5.39
8.25
5.82
5.37
7.08
6.45
6.32
7.77
6.82
7.66
6.87
7.02
6.67
6.96
7.34
5.77
7.37
7.03
6.82
7.16
6.98
6.71
6.5
6.51
5.84
5.83
6.24
6.23
6
5.65
7.89
7.41
7.83
6.82
7.36
7.44
7.63
6.01
6.69
5.94
6.2
5.23
5.86
5.09
7.04
7.38
7.6
7.54
7.63
6.85
6.3
7.42
6.31
6.26
6.43
6.07
5.62
6.57
5.42
5.58
