8.37
8.99
7.95
7.58
7.13
7.42
6.48
7.69
8.22
8.39
8.1
6.58
8.1
7.37
7.87
7.58
8.16
6.9
7.4
8.22
7.31
7.67
7.4
7.72
7.54
7
7.25
7.3
7.02
7.03
6.67
7.26
7.9
6.87
7.18
6.04
7.17
5.81
6.62
6.82
5.77
5.09
6.26
5.74
6.37
5
6.2
8.2
7.88
8.01
8.53
8.99
8.28
8.25
7.24
7.51
7.84
6.88
7.74
7.4
7.58
7.91
7.25
6.67
6.69
7.54
7.24
7.16
6.27
7.06
6.68
7.36
7.29
7.11
6.57
6.58
6.97
6.55
6.34
6.43
6.28
6.24
5.99
6.3
5.52
5.96
6.21
6.83
5.8
7.04
4.83
6.4
5.73
5.76
5.63
5.57
6.07
5.35
5.39
6.06
5.16
8.25
8.15
6.98
6.52
4.2
5.14
5.35
5
8.5
7.12
7.9
4.94
7.96
7.48
7.15
7.02
7.51
7.06
4.73
7.24
6.93
6.88
6.91
6.68
6.04
6.81
6.71
6.59
6.5
6.59
5.01
6.74
6.46
4.68
6.17
7.61
7.61
7.13
7.03
8.1
7.31
7.52
7.33
5.57
6.47
6.59
7.37
6.97
7.52
7.54
7.43
6.53
7.16
5.96
6.91
6.22
6.54
5.88
6.36
5.29
6.38
7.22
6
3.32
4.95
