8.33
7.02
7.45
7.4
7.97
7.26
8.56
7.16
7.54
6.66
7.39
7.23
8.31
7.23
6.43
6.6
6.96
7.24
6.92
6.34
6.68
7.11
6.43
5.75
6.41
6.18
6.61
5.35
6.64
8.2
7.88
8.53
8.18
8.99
8.14
8.28
7.7
8.25
8.31
7.67
8.2
7.54
8.03
7.23
7.52
7.68
7.24
7.39
7.4
6.74
7.69
6.38
7.12
7.84
7.74
6.51
8.15
7.61
6.93
7.25
7.49
7.09
7.13
7.39
6.85
7.28
7.53
7.07
5.43
7.16
6.27
7.06
6.7
7.36
7.29
6.58
7.06
6.22
6.34
6
6.24
5.99
6.27
5.96
5.52
5.96
6.36
5.8
7.04
5.73
5.52
6.57
6.05
5.41
6.21
6.25
5.76
5.63
5.57
6.07
5.39
6.06
8.25
6.06
5.88
5.29
5.74
8.5
6.04
6.9
5.73
7.71
7.72
6.42
7.45
6.41
7.18
6.86
6.26
6.79
7.43
6.97
6.31
7.22
6.35
6.67
6.54
6.22
6.13
5.5
5.67
6.32
8.13
7.59
7.23
7.61
7.51
6.51
6.22
8.21
7.61
7.24
7.28
7.43
7.44
7.49
7.32
6.55
7.06
6.38
6.62
7.02
7.18
4.7
6.63
6.8
6.43
7.03
7.01
5.77
6.45
4.56
