8.94
8.01
7.26
7.22
7.69
7.67
6.61
7.93
7.38
7.96
8.29
7.26
8.21
7.51
7.44
7
7.54
6.97
7.77
7.08
7.38
7.4
7.1
6.95
7.58
7.61
7.27
7.32
7.3
7.91
7.18
7.37
6.19
6.67
6.75
6.55
7.21
7.52
6.57
6.97
6.55
6.44
6.28
6.3
6.43
6.21
6.4
6.29
5.67
6.42
4.39
8
8.2
7.88
8.53
8.99
8.14
8.28
8.25
7.54
7.4
7.24
6.66
7.84
8.31
7.74
7.25
7.49
7.53
7.24
7.16
6.34
6.27
7.06
6.68
7.36
7.29
7.11
6.58
6.34
6.43
6.24
5.99
5.96
5.52
5.96
5.8
6.18
7.04
6.61
5.73
5.52
5.41
6.21
5.76
5.63
5.57
6.07
5.35
5.39
6.06
8.25
6.98
6.81
6.22
5.66
5.63
4.71
8.09
7.15
7.34
7.62
6.94
7.12
6.67
6.7
7.06
6.69
6.44
6.55
6.1
6.7
5.86
5.82
6.69
6.35
7.97
8.15
7.91
6.75
6.23
4.52
6.24
5.28
6.69
5.32
4.79
8.21
7.12
6.52
6.91
7.35
8.08
7.2
7.18
6.78
6.41
4.82
6.41
5.63
6.15
6.73
5.3
5.59
4.8
