8.38
7.53
7.28
7.08
7.3
7.51
6.88
6.88
7.04
6.83
7.35
7.13
7.86
7.34
7.15
7.14
6.69
5.99
6.54
5.31
6.83
4.83
5.16
8.2
7.88
8.94
8.01
8.53
8.99
8.14
8.28
7.22
7.69
7.67
8.25
7.54
7.38
7.96
7.24
7.51
7
7.77
7.84
7.08
7.74
7.38
7.4
7.58
7.61
7.27
7.32
7.91
7.18
7.25
7.49
7.37
6.67
7.54
7.24
7.15
6.34
6.27
7.07
6.68
7.36
7.29
7.11
6.57
6.57
6.97
6.55
6.35
6.44
6.28
6.24
5.98
6.3
6.43
5.96
5.52
5.96
6.21
5.8
7.04
6.61
6.4
5.73
5.52
6.21
5.76
5.63
5.57
6.07
5.35
5.67
5.39
6.06
8.25
6.42
4.39
8
8.15
7.74
6.99
6.47
6.42
5.37
4.81
8.2
7.88
7.37
7.56
6.81
7.04
6.95
7.23
7.05
7.01
7.62
6.19
6.55
6.94
6.03
6.33
6.04
6.74
6.61
7.03
6.3
6.21
5.96
6.68
5.33
7.93
8.6
7.4
8.22
8.06
7.06
7.34
6.49
5.37
6.13
6.12
5.61
5.73
8.08
8.36
7.03
7.04
7.18
7.86
7.36
6.7
7.42
6.15
7.41
7.02
7.56
6.99
7.07
7.17
7.32
6.86
6.5
7.15
6.45
6.95
6.76
7.12
6.09
5.76
6.12
