9.24
7.86
7.92
7.26
7.82
8.08
7.88
7.34
7.48
7.69
7.82
7.03
8.48
7.38
7.54
6.26
7.26
6.85
7.85
7.11
7.33
7.31
7.24
7.42
6.71
6.48
7.83
7.25
7.34
6.81
7.86
6.77
6.59
7.18
7.64
6.39
7.54
5.37
5.39
6.43
4.75
5.99
5.78
5.28
5.92
6.47
7.18
8.2
7.88
8.53
8.99
8.28
8.25
8.71
7.47
7.22
7.67
7.54
7.24
7.51
8.4
7.84
8.52
7.74
7.05
7.41
7.53
7.16
7.17
6.27
6.52
6.68
7.36
7.29
6.62
6.57
6.58
6.34
6.82
6.46
6.24
5.99
6.3
5.09
5.64
6.37
6.4
5
5.73
5.76
5.63
5.57
6.07
5.39
6.06
8.25
4.89
6
8.15
6.98
6.29
6.27
5.33
5.39
5.66
5.55
5.36
5.29
6.67
7.12
7.51
7.98
7.95
7.43
7.66
8.05
8.12
7.4
8.14
7.63
7.55
6.88
7.18
7.27
4.8
8.03
7.76
7.53
6.7
7.12
7.03
7.07
6.44
6.44
6.83
6.76
6.75
6.41
6.44
7.03
5.93
5.76
5.76
7.54
8.61
7.21
8.34
6.07
7.24
6.45
5.83
6.9
4.85
6.26
5.6
6.42
6.49
7.12
6.9
6.06
7.58
7.07
6.8
6.47
6.71
6.95
5.25
6.67
6.69
7.24
6.47
6.48
6.93
5.74
6.13
6.33
6.33
7.09
6.29
5.54
5.88
5.69
5.33
5.56
5.33
