8.02
8.11
7.81
7.53
7.55
6.6
7.29
6.33
8.3
7.43
7.82
6.87
8.04
7.71
8.02
7.26
7.38
6.71
8.02
7.16
7.3
6.67
6.94
6.92
7.48
6.61
7.38
6.93
7.34
8
7.11
6.51
6.19
7.2
6.26
6.32
5.27
6.06
5.79
5.84
4.91
5.86
6.61
5.87
5.69
9.24
8.2
7.88
8.53
8.35
8.99
8.28
7.88
8.25
7.24
7.36
7.67
8.48
7.24
7.51
8.4
7.85
7.84
7.74
6.7
6.48
6.69
7.41
6.77
7.54
6.59
7.18
7.64
7.15
7.52
6.27
6.39
7.54
7.29
5.39
6.57
6.57
6.43
6.35
6.46
6
6.24
5.98
6.08
6.3
5.64
6.4
5
5.73
5.73
5.76
5.63
5.57
6.07
5.39
6.06
6.47
8.25
4.89
5.17
6
6.72
7.11
6.7
6.18
5.3
6.12
4.66
5.4
5.03
4.96
5.43
5.44
4.02
5.09
4.16
4.79
8.5
7.12
7.43
7.66
6.2
7.43
7.3
6.67
7.25
7.4
7.86
7.56
6.33
6.97
7.18
5.99
6.81
7.71
6.82
7.14
6.52
6.46
6.92
6.34
6.44
6.63
6.06
6.47
6
6.23
5.5
6.22
6.13
5.76
6.25
8.29
7.67
7.09
7.7
7.87
7.67
6.8
7.58
6.03
6.74
7.13
6
5.18
5.7
5.9
6.88
8.1
7.1
6.91
6.92
6.98
6.61
6.81
7.78
6.56
5.48
6.24
6.24
6.93
5.79
7.14
6.73
7.16
7.09
6.62
6.28
6.57
6.77
7.03
5.67
6.32
6.37
6.26
6.78
6.33
6.05
6.38
6.2
6.49
5
5.8
5.44
6.07
