8.35
8.42
8.13
7.33
7.24
6.92
7.36
7.95
7.23
7.14
6.95
6.74
6.51
6.71
6.19
7.18
7.38
6.69
7.52
5.71
6.07
6.2
5.73
7.33
5.17
4.48
9.24
8.2
7.88
8.53
8.99
8.28
7.26
7.82
8.08
7.88
8.25
7.34
7.69
7.67
7.82
8.48
7.54
7.24
7.51
7.54
7.26
8.4
7.85
7.11
7.84
7.74
7.31
7.24
6.71
6.48
7.83
7.34
6.81
7.86
7.41
6.77
7.53
6.59
7.18
7.64
7.16
6.27
6.39
7.36
7.54
7.29
5.37
6.62
5.39
6.57
6.58
6.43
6.34
6.82
6.46
5.99
6.24
5.99
6.3
5.09
5.78
5.64
6.37
6.4
5
5.73
5.28
5.92
5.76
5.63
5.57
6.07
5.39
6.06
6.47
8.25
4.89
6
8.15
6.63
6.88
6.27
6.2
6.15
5.22
5.17
5.54
4.94
4.66
6.09
8.5
7.51
7.43
7.9
7.53
7.73
6.93
7.36
5.99
6.9
6.04
6.23
6.92
6.99
6.12
6.16
6.44
6.85
6.1
6.31
6.45
6.16
5.73
6.11
5.89
5.79
6.67
4.82
8.18
8.41
8.32
8.49
7.45
7.27
7.11
7.71
7.3
7.49
5.1
6.77
6.77
6.14
5.74
6.32
5.73
6.55
5.22
4.72
5.83
4.43
7.94
8.1
7.65
6.42
6.37
7.62
7.38
7.44
6.75
6.77
7.05
6.84
6.74
6.62
6.43
6.86
6.65
6.26
5.67
6.14
5.31
6.29
6.34
5.66
7.15
4.89
6.31
6.65
6
