8.61
6.91
8.71
7.47
7.11
6.3
7.22
6.65
7.38
7.31
8.4
7.62
8.52
7.34
7.79
7.2
7.49
7.05
7.89
6.99
7.41
6.8
6.52
5.78
6.46
5.89
5.64
6.07
4.8
4.89
6
8.37
8.2
7.88
8.01
8.53
8.99
7.95
8.99
7.59
8.28
8.25
8.22
8.39
7.88
7.58
8.16
7.4
7.67
7.73
7.54
7.24
7.51
7.84
7.74
7.02
7.4
7.58
7.91
7.25
7.9
6.87
6.67
7.53
6.04
7.15
7.18
6.27
7.07
6.68
7.36
7.29
6.63
6.57
6.56
6.97
6.55
6.36
6.82
6.28
6.24
5.98
6.3
5.09
5.52
6.21
5.8
5.74
6.37
7.04
6.4
5
5.73
5.76
5.63
5.57
6.07
6.2
5.39
6.06
8.25
7.63
7.56
6.99
6.58
4.96
5.68
7.51
7.66
8.14
8.19
7.39
7.22
7.38
7.75
7.43
6.3
6.04
6.87
6.76
6.16
6.4
2.59
6.43
6.35
5.93
5.16
6.07
7.44
7.43
7.67
7.36
7.5
6.21
7.38
6.43
6.77
6.85
5.92
5.79
6.42
7.15
7.04
7.22
7.31
7.86
7.78
6.58
6.76
7.32
6.51
7.16
6.6
5.95
5.88
5.59
5.26
6.35
4.52
