8.27
8.18
8.15
6.9
7.09
7.77
7.07
7.65
8.57
8.64
7.51
6.81
7.37
7.87
7.64
8.44
6.88
6.92
8.11
6.89
6.32
7.11
6.85
7.15
7.58
6.44
6.52
7.08
6.37
6.77
6.06
6.42
5.87
6.02
5.6
6.15
5.65
5.68
6.19
6.5
6.86
9.24
8.2
8.02
7.88
8.53
8.26
8.35
8.28
8.42
6.65
7.88
8.25
7.67
7.24
7.51
8.02
7.84
7.74
6.48
7.86
7.48
7.34
7.53
7.12
7.16
7.52
6.27
7.54
7.29
7.19
7.23
6.58
6.26
6.43
6.34
6.3
6.24
5.99
6.3
5.53
5.79
6.76
5
5.73
5.23
5.76
5.63
6.07
6.53
5.87
6.06
8.25
5.69
7.27
4.41
5.82
5.63
4.56
4.51
5.73
4.63
5.23
5.06
3.89
5.29
7.12
8.12
7.43
7.43
8.1
8.28
7.41
6.58
7.42
7.64
7.2
7.88
7.44
7.61
7.24
6.22
6.86
6.05
6.71
5.91
7.43
6.43
6.44
6.73
6.41
6.37
7.14
6.44
6.58
6.06
6.26
6.24
6.18
6.94
5.49
5.82
6.38
8.03
8.55
7.72
7.79
7.5
7.36
8.25
5.65
7.44
6.19
6.76
5.56
6.63
8.1
7.95
7.43
6.83
6.17
7.89
6.98
7.58
6.79
7.49
6.05
6.68
6.05
6.73
6.93
7.35
5.71
5.77
6.36
6.28
6.26
5.71
5.45
5.39
5.37
5.22
5.89
5.7
