7.28
7.85
8.3
7.75
6.51
7.77
7.7
7.48
7.25
8.19
7.54
6.91
7.8
7.42
6.81
7.3
7.55
6.38
7.71
6.59
7.84
7.47
7
7.75
6.17
7.32
7.16
5.63
6.5
6.28
5.69
6.19
6.2
5.47
5.61
8.2
8.02
7.88
8.53
7.88
8.42
7.48
7.72
7.88
8.25
7.73
7.67
7.51
7.84
7.74
6.91
6.32
7.86
6.85
7.15
7.53
7.58
7.16
6.27
6.44
7.54
7.29
6.52
7.08
6.58
6.37
6.28
6.43
6.14
7.26
6.34
6.3
6.06
5.91
6.24
5.99
6.42
6.3
6.02
5.53
6.61
6.15
5.65
5.68
5
5.73
6.19
5.23
6.5
5.76
5.63
6.07
5.87
6.06
8.25
4.97
4.41
6.24
6.12
5.39
4.7
5.98
5.27
5.59
5.28
7.12
7.43
7.02
8.26
7.71
7.19
7.45
6.89
7.42
6.5
8.3
7.38
6.87
5.88
6.72
7.15
7.07
5.86
7.11
4.86
6.54
7.37
7.13
6.78
6.46
6.48
6.16
6.77
6.47
6.29
6.38
6.53
5.89
6.28
5.36
6.57
6.75
5.15
6.26
6.46
7.71
7.54
7.92
7.45
7.44
8.07
7.67
7.07
6.17
5.58
7.45
5.97
5.74
6.65
6.42
5.86
5.38
6.23
7.72
7.57
7.65
6.83
7.33
6.72
8.31
6.7
6.98
6.59
6.86
6.4
7.88
7.2
6.57
7.48
6.57
7.04
7.06
6.39
6.9
6.72
6.24
5.06
6.71
6.58
5.6
5.11
5.13
6.4
6.05
