7.31
7.88
7.43
7.66
7.48
7.31
7.72
7.73
7.5
6.77
7.11
7.67
7.38
7.65
6.91
6.36
6.28
6.28
6.14
6.26
7.26
5.91
6.61
4.97
8.2
8.02
7.88
8.53
8.18
8.28
8.15
8.42
8.57
7.88
8.25
7.67
7.24
7.51
7.37
8.02
7.64
7.84
7.74
8.44
6.89
6.32
7.86
6.85
7.15
7.53
7.58
7.12
7.16
6.27
6.44
7.54
7.29
7.19
6.52
7.08
6.58
6.37
6.43
6.34
6.3
6.06
6.24
5.99
6.42
6.3
6.02
5.53
5.6
6.15
5.65
5.68
5
5.73
6.19
5.23
6.5
5.76
5.63
6.07
6.53
5.87
6.06
8.25
4.41
7.11
6.92
5.9
5.2
6.08
6.27
6.58
6.13
4.65
5.96
4.38
8.12
7.19
7.53
7.43
6.29
7.52
6.97
7.34
7.19
6.27
6.89
6.8
6.58
6.65
5.75
6.87
7
6.61
6.78
7.29
6.66
6.6
6.45
6.44
6.53
6.41
6.85
6.32
5.65
6.02
5.94
5.19
5.68
6.27
5.47
5.85
6.1
6.38
5.59
8.04
7.52
7.94
7.86
7.36
7.04
7.07
6.35
7.39
6.68
6.69
6.29
6.06
6.4
6.46
6.16
5.62
6.43
5.03
7.97
8.1
7.43
7.41
7.33
6.83
6.56
6.33
6.4
6.96
7.27
5.67
6.74
6.46
6.74
5.92
5.6
6.4
5.84
6.45
6.17
5.64
6.41
6.08
5.21
