8.26
7.73
8.42
6.65
7.07
7.14
6.77
7.59
8.32
6.4
7.38
6.29
7.95
7.86
6.19
7.16
7.01
7.23
5.53
6.76
6
4.81
5.23
6.53
7.27
4.41
9.24
8.2
8.02
7.88
8.53
8.35
8.99
8.11
8.28
7.81
7.88
8.25
8.3
8.04
7.71
7.67
8.48
7.24
7.51
6.71
8.02
7.85
7.3
7.84
7.74
6.71
6.48
7.48
6.93
7.34
6.69
6.77
7.53
8
6.59
7.12
7.18
7.16
7.52
6.27
6.39
6.5
7.54
7.29
5.39
7.19
6.57
6.58
6.26
6.43
6.34
6.3
5.99
6.24
5.99
6.3
5.27
5.79
6.4
5
5.73
5.84
5.86
5.76
5.63
5.57
6.07
5.39
5.87
6.06
6.47
8.25
5.69
4.89
5.17
7.81
7.67
5.67
4.51
6.36
5.04
5.25
5.25
5.82
7.43
7.43
8.26
6.98
7.57
7.66
6.33
6.84
4.47
7.28
7.01
6.32
6.68
6.64
7.08
5.66
6.14
6.68
6.48
6.52
6.21
5.9
6.29
6.67
6.49
6.58
5.91
7.39
6.17
5.03
6.89
6.21
5.93
8.7
7.5
7.7
8.13
7.22
7.97
7.43
7.23
7.34
7.31
6.12
6.12
6.79
5.46
5.8
5.15
6.88
8.03
7.87
6.93
6.42
8.12
7.28
6.61
7.25
5.87
7.4
6.88
6.65
6.57
7.17
6.24
6.8
7.07
6.04
6.65
6.46
6.46
6.8
5.86
6.09
5.99
5.15
6.17
5.18
