7.81
9.12
8.41
7.69
7.42
8.28
8.46
7.39
6.93
7.59
7.65
7.94
6.58
6.76
7.2
7.78
7.46
7.22
8.19
7.26
7.58
7.12
7.32
6.55
6.58
6.84
6.73
5.7
6.17
6.94
6.61
6.45
5.97
5.77
6.26
6.74
4.24
7.2
8.2
8.02
7.88
8.53
8.01
9.09
8.01
8.25
8.31
7.69
8.08
7.67
6.59
7.74
6.47
7.17
7.18
6.27
8.03
6.87
7.53
7.35
7.53
7.22
7.16
6.27
6.69
7.54
7.29
6.58
6.43
6.83
6.08
6.28
6.34
6.3
6.24
5.9
6.24
5.99
5.83
5.56
6.02
5.96
6.61
5.29
4.67
6.15
5.89
5.65
6.57
5
5.73
6.19
5.23
6.29
5.76
7.33
5.95
5
6.07
5.87
6.06
4.25
7.75
6.96
6.2
5.83
6.2
6.07
5.26
5.66
5.04
5.24
3.79
4.59
6.21
5.19
4.31
7.12
7.06
7.05
6.86
8.26
7.53
6.54
8.43
7.67
7.77
7.56
7.16
7
7.02
6.8
7.19
6.74
6.67
6.79
6.45
7.15
6.79
7.31
6.14
6.79
6.87
6.87
6.55
6.87
6.81
6.57
6.43
6.05
6.45
6.32
6.56
5.77
5.95
6.4
7.12
5.85
4.58
8.35
7.73
7.66
7.71
7.64
7.21
7.59
6.94
7.03
7.09
6.56
6.21
7.03
6.09
6.11
5
7.51
7.39
7.31
8.04
7.95
6.9
7.33
6.99
6.94
6.26
6.29
7.25
7.84
6.64
6.2
6.71
6.15
6.16
6.52
7.15
7.3
6.18
6.17
6.43
6.8
6.52
5.93
5.34
5.15
5.52
4.96
5.97
5.25
4.35
4.95
5.32
5.12
