8.5
7.44
7.88
7.69
7.66
8.01
6.68
7.61
8.63
7.27
7.69
7.31
8.08
6.73
6.6
6.94
6.7
7.09
6.28
7.46
6.75
6.31
6.58
6.68
5.55
6.05
5.41
5.9
6.23
5.52
5.96
5.39
6
5.95
4.25
9.13
7.79
8.2
8.02
7.88
8.53
8.51
8.01
9.09
8
8.25
8.02
8.31
8.27
7.67
6.59
7.74
6.47
7.17
7.18
6.27
7.32
8.03
6.87
7.53
7.35
7.53
6.61
7.22
7.16
6.27
6.69
7.54
7.16
6.77
7.29
6.58
6.43
6.83
5.48
6.08
6.28
6.34
6.3
6.24
5.68
5.98
6.28
6.24
5.99
5.83
5.56
6.02
6.61
5.86
5.19
5.29
4.67
5
6.15
5.24
5.89
5.65
6.57
5
5.73
6.19
5.23
6.29
5.76
7.33
5
6.07
5.87
6.06
8.25
5.16
7.75
4.11
6.63
5.49
6.39
5.31
5.5
5.5
5.14
5.24
5.94
5.49
5.74
6.92
5.8
5.71
6.11
None
8.5
7.96
6.81
7.38
6.58
8.11
7.68
6.75
6.52
7.77
7.41
7.02
6.79
7.64
6.86
6.15
6.61
6.03
6.64
5.71
6.21
6.13
6.12
6.37
5.59
8.51
7.41
7.58
7.96
7.25
7.43
7.22
7.47
6.8
7.57
7.68
6.2
6.79
6.73
6.85
7.55
5.43
7.83
6.06
6.71
5.8
5.71
6.24
5.67
5.5
6.26
7.29
7.95
7.64
7.33
7.74
6.38
6.09
6.71
7.39
7.69
7.02
6.81
5.97
6.26
6.3
6.91
6.37
7.28
6.39
5.77
6.93
6.32
6.16
5.93
5.94
5.32
4.65
4.8
4.2
4.63
5.38
6.88
