9.13
7.79
8.52
7.36
8.51
8.04
9.09
7.03
8
7.34
7.25
8.02
8.31
7.1
8.02
6.93
6.71
8.27
6.56
7.67
7.02
6.79
7.6
7.03
6.77
6.47
6.6
7.17
6.66
6.45
6.57
6.95
7.32
8.03
6.87
6.59
7.53
6.85
6.61
7.22
7.04
6.69
6.58
6.77
6.83
5.48
6.08
6.81
6.24
5.65
5.68
5.98
6.28
5.5
5.83
5.92
5.56
5.86
5.19
5.29
4.67
5.24
5.89
6.57
6.29
5
7.75
4.11
8.2
8.02
7.88
8.53
8.01
8.17
8.25
6.59
7.74
7.18
6.27
7.35
7.53
7.16
6.27
7.54
7.16
7.29
6.58
6.43
7.26
6.28
6.34
6.3
6.24
5.99
6.02
6.61
5.95
5
6.15
5.65
5
5.73
6.19
5.23
5.16
5.76
7.33
6.07
5.87
6.06
8.25
5.16
7.52
7.33
5.86
7.1
6.81
6.12
3.46
5.09
6.11
5.78
5.81
5.74
6.14
5.55
4.68
5.19
5.42
5.42
4.26
7.12
6.74
8.12
7.71
7.5
7.85
7.02
8.26
7.33
6.87
7.26
6.96
7.45
7.36
6.46
7.24
6.5
7.48
7.21
6.45
7.43
6.71
7
6.97
6.78
6.25
6.7
6.53
6.46
6.24
6.22
5.81
6.34
5.47
7.68
7.74
7.45
8.12
7.69
6.59
7.06
7.41
6.6
5.31
7.01
6.65
6.12
6.67
6.02
5.35
7.56
7.19
7.87
7.3
7.39
6.48
6.7
7.35
7.01
7.48
7.03
6.21
6.35
7.37
7.1
5.61
6.16
6.57
5.29
6.06
6.33
