8.43
7.55
6.98
8.01
8.17
8.1
7.07
6.82
7.02
7.78
7.51
7.01
6.24
7.77
7.18
5.96
6.3
6.27
6.18
7.35
6.24
5.95
5
5.16
7.33
5.16
8.2
8.02
7.88
8.53
8.3
7.75
7.88
8.25
7.67
7.3
7.51
6.59
7.84
7.84
7.74
6.91
6.85
7.15
7.32
7.53
7.58
7.16
6.27
6.44
7.54
7.16
7.29
6.52
7.08
6.58
6.37
6.28
6.43
6.14
7.26
6.28
6.34
6.3
6.06
5.91
6.24
5.99
6.42
6.02
6.61
5.47
5.61
6.15
5.65
5.68
5
5.73
6.19
5.23
6.5
5.76
5.63
6.07
5.87
6.06
8.25
4.41
7.52
7.27
6.18
6.67
6.71
4.77
4.49
5
5.18
4.89
5.37
5.67
5.02
6.07
5.68
5.2
3.92
3.91
8.12
7.72
7.4
8.28
8.11
8.23
7.26
7.51
7.1
6.98
5.71
7.41
7.15
7.59
7.96
6.22
6.64
7.2
6.7
5.96
6.22
6.57
6.82
6.64
6.42
6.27
6.61
5.97
6.56
5.91
5.84
5.86
6.54
6.14
6.54
6.08
5.13
7.04
6.15
5.99
5.49
5.41
5.43
7.89
7.76
7.22
8
7.62
7.83
6.78
6.62
6.83
6.04
7.57
7.81
6.31
6.49
5.76
6.86
6.61
5.29
6.07
5.89
5.22
5.83
7.97
7.88
7.25
7.25
6.59
6.69
7.05
6.7
7.74
7.46
7.63
6.63
7.09
6.23
7.1
7.14
6.92
6.58
6.42
5.96
5.84
5.65
5.11
4.85
5.15
5.67
