8.43
7.86
8.3
7.68
8.19
7.54
8.44
8.37
7.65
8.09
7.65
8.13
8.03
7.66
8.64
6.94
7.6
6.68
7.64
9.05
7.39
8
7.54
7.3
8.15
6.67
7.09
7.35
6.36
7.44
6.99
7.96
6.3
5.28
6.07
6.52
6.42
6.87
6.57
5.25
5.46
5.68
5.46
6.26
6.22
7.1
7.08
7.56
8.2
8.02
9.12
8.53
8.25
8.54
8.16
7.67
6.78
7.16
8
7.24
7.74
6.42
6.61
7.35
7.16
7.75
7.33
6.34
7
6.84
7.08
6.51
6.39
7.53
6.87
6.53
5.29
7.16
6.27
7.25
6.17
6.79
7.29
6.58
6.43
5.99
6.34
5.97
6.56
6
6.24
5.99
5.83
5.56
6.19
6.02
5.96
6.61
6.14
5.73
5.77
5.29
4.67
6.46
6.15
5.65
5
5.73
5.31
5.23
6.27
5.67
5.76
7.33
5.95
5
6.07
5.87
6.06
6.81
4.25
7.75
7.3
7.32
7.44
6.81
6.14
5.46
6.51
6.55
6.16
6.39
5.71
3.52
6.44
6.38
5.27
5.96
5.15
5.53
6.14
5.24
6.32
5.15
5.45
5.2
4.34
4.03
8.5
7.71
7.79
7.72
7.57
7.32
7.58
8.01
6.84
7.61
7.23
7.48
7.81
6.38
7.23
7.19
7.26
7.3
7.57
7.55
6.55
7.61
6.57
6.79
7.03
6.85
5.51
6.57
6.31
6.85
6.62
6.62
6.3
7.13
5.74
6.24
5.69
5.62
5.62
5.79
7.63
7.78
8.29
8.25
8.42
7.12
7.44
6.64
6.43
7.25
6.34
7.4
6.26
5.11
5.93
6.45
8.1
6.34
7.29
7.35
7.56
6.78
7.95
7.57
5.92
7.36
7.77
6.8
6.35
7.21
7.29
6.28
6.62
6.61
7.34
7.04
7.11
6.46
6.29
6.43
6.12
5.4
6.3
6.9
6.3
6.03
6.15
6.92
5.54
6.06
5.72
5.59
5.34
5.52
5.67
