8.15
8.63
8.33
7.48
7.47
7.67
7.92
7.18
8.42
7.91
7.6
7.15
7.33
7.77
8.54
6.97
6.86
6.78
8
8.05
7.48
7.24
7.36
7.82
7.03
6.18
6.42
6.43
7.37
7.35
6.93
6.49
7.33
7
6.13
7.08
5.83
6.51
6.34
6.39
6.54
6.87
6.17
6.79
6.86
5.99
6.56
6
6.19
6.14
5.73
5.77
6.82
5.31
5.85
5.67
4.96
8.2
8.02
9.12
8.53
8.25
8.31
7.23
7.67
7.21
6.59
7.31
7.74
6.47
6.55
7.16
7.75
6.84
7.54
7.16
6.27
7.25
6.61
7.29
6.58
6.45
6.43
6.28
6.34
5.97
6.3
6.24
5.99
5.83
5.56
6.02
5.96
6.61
5.29
4.67
6.46
6.15
5.65
5
5.73
5.88
5.23
5.33
5.76
7.33
5.95
5
6.07
5.87
6.06
6.81
4.25
4.24
7.75
6.57
7.58
6.29
5.71
3.47
4.74
5
5.86
5.66
5.84
5.43
5.71
4.14
5.82
5.51
3.93
7.42
7.5
8.43
7.32
8.26
6.24
7.22
7.77
7.44
5.95
6.92
6.82
7.02
6.86
7.14
6.85
7.49
6.94
5.58
6.08
6.52
5.29
6.61
6.34
6.4
6.19
6.41
6.85
6
8.03
7.29
7.7
7.83
7.89
7.43
6.34
6.74
7.08
6.79
6.52
5.31
5.58
4.38
7.92
7.07
7.29
6.82
7.52
6.2
6.86
6.38
6.68
7.6
7.44
6.19
6.53
6.44
6.16
5.65
5.17
6.98
6.2
5.46
6.09
6.07
6.14
5.31
5.78
7.12
5.94
3.83
