7.56
7.92
6.82
7.11
7.24
7.58
7.8
6.39
7.22
6.75
7.84
7.91
7.38
8.16
7.52
7.22
7.16
7.63
7.33
7.58
6.61
7.03
7.52
7.24
6.34
6.53
5.29
6.45
6.27
5.24
8.2
8.02
9.12
8.53
8.15
8.33
7.48
8.25
8.31
8.54
7.67
6.78
8
7.31
7.24
7.74
7.36
6.47
6.42
7.35
6.55
6.49
7.16
7.75
7.33
7
6.84
7.08
5.83
6.51
6.39
7.53
6.54
6.87
7.16
6.27
7.25
6.61
6.17
6.79
7.29
6.86
6.58
6.45
6.43
5.99
6.28
6.34
5.97
6.3
6.56
6
6.24
5.99
5.83
5.56
6.19
6.02
5.96
6.61
6.14
5.73
5.77
5.29
4.67
6.46
6.15
5.65
5
6.82
5.73
5.31
5.23
5.67
5.76
7.33
5.95
5
6.07
5.87
6.06
6.81
4.25
4.24
7.75
7.3
6.77
7.21
6.28
2.85
5.65
2.6
6.04
4.84
5.26
5.63
4.4
6.38
5.2
5.02
6.31
6.01
3.76
4.48
5.53
7.12
7.42
7.4
6.28
7.72
7.23
7.17
7.04
6.51
7.4
7.4
7.29
7.54
7.22
6.91
6.47
6.82
6.87
5.37
6.92
7.02
6.34
6.89
6.74
6.64
6.8
6.98
6.75
6.79
6.7
6.73
6.64
6.58
6.32
6.5
6.19
7.18
6.22
5.7
6
5.66
5.58
5.23
6.09
8.73
7.79
7.52
7.6
7.51
7.13
8.48
6.57
7.48
8.24
7.31
6.58
6.35
6.77
6.71
7.35
6.35
6.11
5.98
5.38
5.75
6.1
6.49
6
7.27
6.63
7.25
7.72
7.77
7.95
8.23
7.54
6.31
7.25
6.71
7.42
6.58
7.27
7.28
6.83
6.86
6.85
6.55
6.32
6.26
5.52
6.43
6.39
6.09
5.98
4.89
6.17
6.46
4.85
