7.71
7.57
8.33
8.2
7.6
7.68
6.96
7.61
8.71
7.43
6.9
7.54
7.23
6.92
7.07
7.21
7.31
6.97
7.64
6.75
6.25
7.08
7.16
7.75
7.27
7.25
5.86
6.46
5.88
5.33
6.81
6.5
7.81
8.2
8.02
7.88
9.12
8.53
7.69
8.01
9.09
8.28
8.46
7.59
8.25
7.65
8.31
7.26
7.67
6.59
7.74
6.47
7.17
7.12
7.18
6.55
6.58
6.87
7.53
6.84
7.53
6.17
7.16
6.27
6.61
6.69
7.54
7.29
6.58
6.45
6.43
6.83
6.08
6.28
6.34
5.97
6.3
6.24
5.99
5.83
5.56
6.02
5.96
6.61
6.26
5.29
4.67
6.15
5.65
6.57
5
5.73
6.19
5.23
6.29
5.76
7.33
5.95
5
6.07
5.87
6.06
4.25
4.24
7.75
5.86
5.81
6.49
3.39
5.25
6.37
3.84
5.84
5.47
5.44
4.68
4.93
4.43
4.96
5.06
5.5
5.12
4.93
5.26
5.49
5.91
4.68
6.16
4.84
5.39
4.1
5.73
8.3
8.5
7.71
5.57
8.01
6.75
7.28
6.16
6.83
7.58
7.17
7.57
6.73
6.68
6.55
7.18
6.63
5.57
6.86
5.97
5.07
6.37
6.06
6.75
5.52
6.31
5.13
5.29
5.63
6
7.86
7.66
7.14
7.22
6.17
6.48
7.08
6.77
6.75
6.32
6.58
7.18
6.95
7.27
5.85
5.22
6.07
4.52
6.67
7.8
8.41
7.37
7.29
7.36
6.65
7.23
7.33
6.72
7.45
7.15
7.18
7.17
7.67
7.56
7.33
6.22
6.55
6.67
6.5
6.27
6.71
6.52
6.81
5.66
5.58
6.27
6.18
5.24
5.29
5.21
5.98
4.65
5.78
6.03
