8.48
7.94
8.11
7.42
7.36
7.24
7.57
8.11
7.27
6.99
7.17
7.25
7.38
6.65
6.79
7.43
6.3
7.43
6.86
7.42
6.76
6.59
7.4
7.01
7.11
7.63
6.37
6.46
6.89
6.68
5.52
7.71
6.09
7.28
6.57
6.85
7.14
6.07
5.47
7
6.14
6.07
5.9
6.26
6.05
6.49
5.9
5.94
6.24
4.35
6.04
6.28
7.05
6.06
5.5
5.83
7.2
6.4
8.2
9.12
8.53
8.25
8.46
8.54
7.67
8.15
7.74
6.42
7.44
7.35
6.99
7.33
6.85
6.84
7.08
6.51
7.54
6.52
7.16
6.42
6.27
7.29
6.5
6.58
6.74
6.45
6.57
5.84
6.34
6.56
5.68
6.24
6.26
5.56
6.16
6.02
5.96
6.61
5.73
5.77
5.29
4.67
6.46
6.15
5.65
5
5.73
6.05
6.22
5.88
5.23
6.27
5.76
5.93
7.33
5.95
5
6.07
5.87
4.25
7.75
7.8
6.56
6.33
6.08
6.05
6.08
5.93
5.55
5.52
5.28
5.36
5.67
5.56
5.95
4.74
5.54
5.03
5.3
5.44
5.79
5.42
5.17
7.56
7.71
7.43
6.84
6.01
7.06
7.03
6.65
7.12
7.05
6.32
6.61
6.99
6.13
6.38
6.45
6.42
7.34
6.47
7.44
5.81
6.74
8.22
8.56
7.6
7.92
7.54
7.58
7.82
6.35
6.11
7.04
5.73
6.07
6.67
4.64
5.63
6.69
5.78
5.78
5.54
7.57
5.92
7.21
7.13
6.75
7.79
7.02
7.11
3.61
6.31
6.67
6.65
6.81
7.08
6.01
6.66
6.28
6.12
5.88
6.72
4.82
5.94
5.92
6.67
5.31
4.71
6.25
4.89
4.48
4.64
5.8
4.7
