7.74
7.54
7.24
7.58
7.41
7.34
7.39
6.3
8.46
7.42
7.63
6.43
7.42
7.53
7.39
6.7
6.51
6.84
7.74
7.76
5.97
5.87
6.88
6.68
5.85
7.33
5.97
6.85
6.18
5.89
7.05
6.5
6.74
6.45
5.84
5.64
4.94
6.16
5.15
6.05
5.88
5.93
6.56
5.47
8.2
8.02
9.12
8.43
8.53
8.3
8.19
8.44
8.37
8.09
8.64
7.6
8.25
7.64
9.05
7.39
8.54
8.16
7.67
7.3
8
8.15
7.24
7.74
6.42
7.44
7.35
6.99
7.33
6.84
7.08
6.51
7.54
6.87
6.53
6.52
7.16
6.42
6.27
7.25
6.17
6.79
7.29
6.87
6.58
6.43
6.57
5.99
5.25
6.34
5.97
6.56
6
5.46
5.68
6.24
5.99
5.83
6.26
5.56
6.19
6.02
5.96
6.61
6.14
5.73
5.77
5.29
4.67
6.46
6.15
5.65
5
5.73
5.31
6.22
5.23
6.27
5.67
5.76
7.33
5.95
5
6.07
5.87
4.25
7.75
7.08
7.8
5.94
7.2
5.94
3.29
4.58
6.05
6.5
6.68
4.29
5.81
5.49
5.22
5
5.35
7.12
8.26
6.82
6.59
6.86
7
6.9
5.8
8.03
7.46
6.42
7.15
6.15
5.76
7.2
7.08
7.03
6.83
7.02
7.32
6.89
7.04
6.61
6.41
6.42
6.67
6.19
6.73
5.83
6.43
5.81
6.56
5.76
5.32
7.93
7.99
8.29
7.54
7.61
7.34
7.94
7.46
6.35
5.91
6.75
7.24
7.46
6.23
6.09
5.23
5.64
5.06
5.09
7.99
7.48
7.21
6.79
6.99
6.32
6.8
6.5
7.6
7.12
7.15
5.6
6.92
5.97
5.89
6.61
4.97
6.11
6.57
6.3
6.18
5.71
6.81
5.74
5.32
4.21
