8.18
8.07
7.86
7.87
8.4
8.45
7.31
8.2
7.69
7.41
6.76
8
7.45
7.29
7.02
5.66
7.84
8.09
8.19
8.65
7.48
6.98
7.86
8.3
6.95
6.53
7.55
6.5
7.37
6.22
7.41
7.89
6.46
7.21
6.46
5.91
7.36
6.35
6.89
6.87
6.79
5.6
6
6.69
5.44
6.42
6.24
6.33
5.93
8.2
9.12
8.53
8.77
8.25
8.54
7.67
8.47
7.74
6.42
7.44
6.89
6.99
7.33
6.85
6.84
7.08
7.71
6.51
6.52
7.53
7.16
6.27
7.28
7.29
6.85
6.58
7.14
6.07
6.14
6.42
6.34
6.07
6.56
5.9
6.26
6.05
6.49
5.68
6.24
5.94
5.89
5.74
6.24
4.35
5.56
6.02
5.96
6.04
6.61
7.05
5.73
5.77
5.29
4.67
6.46
6.15
5.65
5
5.73
6.05
5.88
5.83
4.23
5.23
5.76
5.93
4.37
7.33
5.95
5
6.07
5.87
7.75
7.2
7.22
6.6
6.86
6.1
4.93
6.41
6.71
6.7
4.06
5.9
5.85
5.48
5.75
5.3
5.57
6.72
6.18
5.34
5.39
5.94
5.59
5.41
5.71
6.07
5.56
5.68
6.45
5.17
5.5
5.17
4.64
5.92
4.63
6
5.27
5.15
7.88
7.12
7.48
7.72
7.26
7.04
7.67
6.94
7.57
7.52
7.36
7.25
7.04
7.08
8.12
7.18
7.11
7.1
7.28
6.59
6.98
6.79
6.64
7.05
6.43
6.04
6.91
6.31
6.24
5.92
6.35
6.48
8.45
8.13
8.29
7.69
7.33
7.59
6.71
8.01
7.06
7.54
6.34
7.41
6.87
6.87
6.39
6.92
7.6
5.94
5.37
6.81
7.86
7.31
7.74
7.3
7.41
6.82
7.69
7.11
7.41
6.61
5.48
6.84
7.35
6.67
6.63
6.83
6.61
7.39
6.58
7.11
6.32
5.8
6.76
6.45
6.45
6.52
6.37
6.99
6.08
6.33
6.31
6.45
6.3
6.43
5.47
5.53
5.89
