7.44
7.73
7.2
7.55
7.48
8.77
8.19
8.15
7.21
7.44
7.4
7.76
7.43
7.33
7.93
7.11
6.47
7.08
6.66
7.15
7.4
7.15
8.47
7.75
6.57
7.55
6.48
7.51
6.82
7.5
7.22
6.82
6.21
6.75
7.55
5.85
6.52
5.42
6.42
5.89
5.74
4.23
4.37
8.48
8.2
9.12
8.53
8.11
8.25
8.54
7.67
7.42
7.4
7.74
6.42
7.44
6.46
6.89
6.99
7.33
6.85
6.84
7.08
7.71
6.51
7.53
6.52
7.16
6.42
6.27
7.28
7.29
6.85
6.5
6.58
6.74
7.14
6.07
6.57
5.84
7
6.14
6.34
6.07
6.56
5.9
6.26
6.05
6.49
5.68
6.24
5.94
6.24
4.35
6.26
5.56
6.16
6.02
5.96
6.04
6.28
6.61
7.05
5.73
5.77
5.29
4.67
6.46
6.15
5.65
5
5.73
6.05
6.22
5.88
5.83
5.23
6.27
5.76
5.93
7.33
5.95
5
6.07
5.87
4.25
7.75
7.2
6.52
7.38
6.3
6.54
6.32
6.18
6.24
6.18
3.62
6.74
5.21
5.68
4.48
5.59
5.33
4.61
5.54
4.7
5.47
5
5.27
5.74
5.62
5.02
6.32
5.45
5.52
5.4
4.58
5.12
5.17
5.11
6.9
7.64
7.72
7.41
7.23
8.06
7.35
7.32
7.35
7.07
6.54
7.44
7.41
7.38
7.44
7.47
7.21
7.33
7.32
6.78
5.23
6.33
6.48
6.41
6.4
6.74
6.65
6.73
5.88
6.28
6.08
6.32
5.78
5.36
8.1
8.19
9.01
7.67
8.07
7.38
7.45
6.53
7.82
5.94
7.02
6.14
6.66
6.94
7.22
4.99
5.79
6.23
5.52
4.92
7.05
7.74
6.7
7.23
8.28
6.87
7.53
7.11
7.16
6.67
6.81
6.9
6.36
6.24
6.69
6.13
6.57
6.88
6.09
6.19
5.97
6.67
5.98
7.27
6.44
4.96
5.25
5.28
4.83
