8.37
8.64
7.34
7.71
8.07
7.42
8.25
7.17
7.38
7.81
7.03
7.64
6.75
8.64
7.29
7.79
8.75
7.77
7.94
7.27
7.58
6.68
6.17
6.56
7.33
6.18
7.92
7.27
7.88
7.36
6.46
6.64
8.3
6.49
6.24
6.67
7.12
5.79
6.51
5.79
7.59
6.99
6.76
6.15
7.26
6.04
7.63
5.94
6.96
6.35
6.12
6.63
6.03
6.45
5.71
6.02
6.07
5.37
6.1
6.14
6.78
5.86
6.45
5.88
5.38
5.55
6.58
5.65
6.7
6.58
6.4
8.2
9.12
8.53
7.78
8.25
8.09
7.66
8.19
6.76
7.41
7.74
7.44
7.06
7.08
6.86
7.53
7.09
7.04
7.16
6.27
7.29
6
6.58
6.69
6.34
6.56
6.26
5.68
6.24
6.24
5.56
5.7
6.02
6.61
7.05
5.73
5.77
5.29
4.67
6.46
6.15
5.65
5
5.73
6.05
5.96
5.88
5.23
5.76
5.93
4.37
7.33
5.95
5
6.07
5.87
6.62
7.75
4.04
5.93
6.11
7.27
6.28
7.05
6.64
6.82
6.62
5.75
5.65
5.69
5.69
3.16
5.89
5.35
5.57
6.86
5.71
4.64
5.47
5.37
5.13
4.95
4.64
4.89
4.73
5.97
5.25
6.05
4.93
4.32
6.73
4.33
4.73
4.38
6.43
7.88
7.95
8.26
7.32
7.97
7.17
6.49
6.93
6.41
7.22
7.14
6.82
6.14
6.93
6.87
7.15
7.03
6.3
6.75
6.42
6.66
6.29
6.89
6.43
6.84
6.57
6.19
6.41
6.41
6.04
5.82
4.88
7.24
8.08
6.86
7.76
7.44
8.19
6.39
7.9
6.5
5.01
7.05
7.47
5.44
5.49
5.77
5.59
6.48
6.75
5.81
5.88
4.09
6.81
6.76
7.33
7.76
7.3
7.52
7.56
6.81
5.86
6.69
6.66
6.03
6.76
7.52
6.79
5.33
6.42
5.74
6.12
6.13
5.82
5.43
4.28
4.4
