7.97
7.14
7.76
8.18
8.11
7.8
8.46
7.54
8.06
7.83
7.05
8.29
7.57
6.62
6.46
5.52
7.27
7.47
6.25
7.43
8.27
7.4
7.37
6.03
6.72
6.9
6.54
7.69
6.53
6.93
6.56
5.66
6.12
7.56
6.93
7.6
6.14
6.31
6.01
5.55
6.21
5.5
6.25
4.03
4.69
4.82
6.13
8.2
9.12
8.53
8.64
7.71
8.07
8.25
8.25
8.19
7.92
7.88
7.41
6.46
6.67
7.74
7.12
7.44
5.79
7.06
7.59
6.99
7.08
6.76
6.86
6.15
7.26
7.53
6.04
7.04
7.63
6.96
6.35
7.16
6.27
6.12
6.63
7.29
6.03
6
6.58
6.69
6.34
6.56
6.07
6.26
5.37
6.1
5.68
6.24
6.14
6.78
5.86
6.24
6.45
5.56
5.7
6.02
7.05
5.88
5.38
5.73
5.77
5.29
4.67
6.46
6.15
5.65
5.55
5
5.73
6.05
5.88
5.23
6.58
6.7
5.76
5.93
4.37
7.33
5.95
6.58
5
6.07
5.87
6.4
7.75
5.93
7.04
6.66
6.88
5.82
7.06
5.42
5.69
5.67
6.24
5.73
5.55
6.96
5.94
6.36
5.41
6.12
4.77
6.39
5.37
5
6.44
6.86
5
4.71
4.87
6.53
3.79
4.24
4.24
5.39
4.67
4.43
6.8
7.88
7.12
7.89
7.95
7.7
7.43
7.63
7.43
7.23
7.75
6.54
6.25
6.03
7.5
6.41
6.06
6.55
7.15
7.04
6.7
6.33
6.77
6.35
6.96
6.85
6.63
6.6
6.61
6.55
6.11
5.01
6.18
6.12
5.88
6.57
5.8
4.63
5.82
6.83
7.11
7.83
8.23
7.52
6.64
7.88
8.13
7.44
6.71
7.68
6.83
7
6.48
7.3
6.55
6.47
6.24
6.1
5.07
6.59
5.78
6.27
6.04
6.32
6.22
6.88
7.79
7.88
7.73
7.54
8.51
8.03
7.27
6.65
6.97
6.86
7.36
7.35
7.23
6.55
7
6.84
6.92
5.92
5.74
6.21
6.33
7.09
6.17
6.23
6.63
6.97
6.25
6.11
5.94
6.07
5.35
5.51
5.22
5.77
4.81
7
4.64
