8.13
7.78
7.6
7.68
7.52
7.39
7.89
7.18
7.12
6.15
7.8
7.66
3.65
6.91
6.39
7.14
7.27
8.33
6.33
7.84
6.76
7.24
6.47
7.25
6.18
6.77
6.23
7.04
6.61
6.04
7.47
6.86
7.06
5.7
6.86
7.09
7.04
6.7
5.88
7.16
6.06
6.01
5.7
5.52
5.58
5.68
5.65
6.09
4.72
5.28
5.96
6.86
6.62
4.04
8.2
9.12
8.18
8.53
8.07
7.87
8.4
8.45
7.31
8.2
7.69
8.25
8.09
8.19
8.65
8.54
6.95
7.67
7.41
8.47
7.89
7.74
6.42
7.36
7.44
6.89
6.99
7.33
6.84
7.08
7.71
6.51
7.53
7.16
6.27
7.29
6.85
6
6.58
6.69
6.14
6.34
6.07
6.56
5.9
6.26
5.44
6.05
6.49
5.68
6.24
5.94
6.24
6.42
5.56
6.02
5.96
6.04
6.61
7.05
5.73
5.77
5.29
4.67
6.46
6.15
5.65
5
5.73
6.05
5.88
5.23
5.76
5.93
4.37
7.33
5.95
5
6.07
6.33
5.87
7.75
5.93
6.38
7.1
6.23
3.72
6.13
6.69
5.17
5.12
5.88
5.85
6.36
5.64
5.24
5.65
6.01
4.81
5.54
5.17
5.7
4.68
5.26
6.94
5.35
5.29
4.9
5.26
4.37
6.47
6.08
5.15
4.65
7.89
8.39
6.8
7.19
6.89
7.46
7.38
7.46
6.85
7.21
7.5
7.14
7.04
7.62
6.42
7.56
6.97
6.26
6.87
6.97
6.84
6.08
6.59
6.2
6.58
6.6
6.04
6.58
6.74
5.27
7.38
8.12
8.05
7.9
7.2
7.78
7.63
6.89
7.93
7.2
6.4
6.44
7.41
7.04
5.91
7.39
6.61
6.21
5.95
6.63
6.1
4.86
4.5
6.86
5.67
5.4
5.17
8.62
7.74
7.48
7.84
7.16
7.88
7.11
6.82
6.97
7.24
6.54
6.5
6.72
7.45
6.29
5.78
7
5.84
7.16
6.82
6.29
6.61
6.88
6.87
6.66
6.38
6.76
6.66
6.66
6.57
6.25
6
6.1
6.68
5.04
6.58
5.73
5.6
5.59
5.59
5.32
4.22
3.94
4.78
