8.86
8.22
8.5
8.31
7.38
8.16
7.51
7.61
7.67
7.67
7.74
8.42
7.27
7.38
8.19
7.48
7.29
7.65
7.12
8.8
7.28
7.65
7.48
6.66
7.48
7.45
7.26
7.59
8.21
7.03
7.95
6.8
6.82
7.11
7.45
6
7.4
6.27
5.78
7.22
6.57
6.99
6.74
7.01
5.92
5.43
5.87
5.55
6.61
5.07
4.81
4.62
5.68
4.29
7.14
8.2
7.76
8.53
8.07
8.25
8.19
7.88
7.41
7.74
6.53
7.12
7.44
7.56
7.06
7.6
7.08
6.76
5.55
6.86
7.26
7.53
6.04
7.04
7.63
6.35
7.16
6.27
6.12
6.63
7.29
6.03
6.58
6.34
6.56
6.07
6.26
6.25
5.37
5.68
6.24
6.14
6.78
5.86
4.03
6.24
6.45
5.56
5.7
6.02
7.05
5.88
5.38
5.73
5.77
5.29
4.67
6.46
6.15
5.65
5.55
5
5.73
6.05
5.88
5.23
6.7
5.76
5.93
7.33
5.95
6.58
6.07
6.4
6.13
7.75
5.93
7.04
7.45
6.32
7.46
7.13
6.75
6.93
5.78
6.14
6.5
6.57
6.78
6.11
7.06
5.35
7.37
5.74
4.91
5.23
5.48
5.29
5.87
5.41
5.42
5.83
4.86
5.53
5.01
5.29
4.69
5.63
4.67
4.56
5.57
5.58
4.58
5.26
5.75
6.94
5.62
None
8.41
7.5
8.01
7.72
7.95
7.7
7.1
7.55
7.09
7.95
7.66
7.59
6.25
7.44
6.9
6.81
7.71
7.15
7.65
7.26
7.71
7.17
6.41
6.72
7.31
6.31
6.89
6.8
7.01
6.83
6.58
6.95
6.38
6.52
5.94
6.67
6.45
6.27
6.32
6.05
6.3
5
5.95
6.57
5.93
5.8
7.87
7.47
7.68
7.88
7.42
5.86
7.18
7.13
7.1
5.92
5.13
6.93
5.71
6.67
8.2
6.64
7.48
6.98
6.71
7.46
6.63
6.66
6.79
6.23
7.56
6.78
7.31
6.18
7.23
6.31
6.92
7.3
6.6
7.84
7.24
6.87
6.83
6.91
6.37
5.43
5.62
5.65
5.77
6.41
6.37
7.09
6.3
6.86
5.89
6.79
5.68
5.83
5.99
5.33
6.2
5.9
5.1
5.74
5.58
7.52
4.48
6.54
3.35
5.36
