7.37
8.24
8.21
8.5
7.03
7.63
6.72
8.09
8.57
7.09
7.12
8.26
6.99
7.22
6.41
6.14
7.14
6.63
6.82
7.01
7.2
7.11
5.87
6.54
6.64
7.44
7.79
6.46
6.64
6.61
6.04
5.35
6.29
5.6
6.09
5.15
6.25
4.41
4.97
5.71
5.36
4.48
8.2
8.86
8.53
8.22
8.5
8.07
8.16
7.67
8.42
8.25
7.65
8.19
7.48
7.48
7.88
8.21
7.95
7.41
7.74
7.12
7.4
7.44
5.78
7.22
7.07
7.6
7.08
6.74
6.77
7.28
7.53
6.04
7.06
7.63
7.01
6.36
7.15
6.27
6.12
6.63
7.29
6.03
6.56
6.36
5.92
6.55
6.07
6.26
5.38
5.68
6.24
6.14
6.78
5.86
4.03
6.24
6.45
5.56
5.7
6.02
7.05
5.88
5.55
5.38
5.07
5.73
5.77
5.29
4.67
5.66
6.46
6.15
5.55
5
5.73
4.81
5.88
5.23
5.76
5.93
7.33
5.95
6.58
6.07
6.4
6.13
7.75
5.93
7.81
6.67
7.47
5.74
5.51
6.38
4.07
6.18
5.38
5.75
6.84
6.36
5.47
5.64
5.24
5.39
5.68
4.83
5.23
4.26
4.47
3.77
4.85
8.3
7.5
7.41
7.52
7.84
7.93
7.97
7.06
7.59
7.87
6.01
6.87
7.44
6.76
6.57
7.94
7.29
6.41
6.91
7.71
7.3
6.83
7.1
7.15
6.72
6.43
6.87
6.58
6.88
6.37
5.99
6.2
6.18
5.94
6.89
6.2
7.83
7.8
7.37
7.51
7.1
7.12
6.3
7.38
6.58
6.11
6.74
7.02
5.47
6.59
6
4.85
5.24
6.85
5.63
6.33
5.19
5.36
4.17
4.23
5.32
7.06
8.08
6.98
7.73
7.98
6.92
6.93
7.56
7.23
6.88
6.55
6.58
6.87
6.67
5.43
6.53
5.92
6.49
7.15
6.8
6.71
6.07
5.17
5.61
7.28
6.31
3.85
5.96
5.52
5.84
5.91
5.74
6.14
4.95
