8.7
8.39
8.85
7.72
7.76
7.09
8.46
7.75
7.11
7.03
7
7.46
8.03
7.31
8.12
7.36
7.06
5.94
6.25
7.32
8.02
7.92
6.04
6.65
6.78
6.36
7.29
7.77
5.61
6.29
7.95
6.49
7.06
5.29
6.48
5.92
5.88
5.51
6.72
6.25
6.61
5.92
7.7
4.64
4.84
7.78
6.85
6.86
6.59
6.43
5.91
6.46
6.21
5.74
7.23
6
6.07
6.28
5.48
6.45
6.75
4.89
5.35
5.89
4.6
8.2
8.53
8.07
7.69
7.45
9.12
8.25
7.65
7.66
8.4
7.74
7.12
7.44
5.83
7.06
7.6
7.78
7.08
7.26
7.54
7.16
6.27
6.89
6.85
5.56
7.29
6.66
6.58
6.35
5.65
5.68
6.24
5.64
6.78
4.03
5
5.56
5.7
5.72
6.02
6.25
5.67
7.05
5.55
5.1
4.82
5.73
5.77
5.29
4.67
6.46
6.15
5.65
5.73
5.88
5.23
5.21
5.76
5.93
7.33
5.95
4.43
6.07
5.36
5.3
6.13
7.75
5.93
7.2
7.17
7.96
7.46
6.6
5.99
6.79
5.93
6.29
6.83
5.88
6.43
6.67
5.22
5.04
4.87
5.09
7.1
5.5
4.6
5.71
5.55
4.85
5.84
5.59
6.81
6.77
5.45
5.44
5.45
5.17
4.74
5.43
7.71
5.15
3.88
4.6
4.5
5.54
4.31
4.52
5.65
5.84
7.83
8.07
7.46
8.5
7.57
7.4
7.34
8.41
5.92
7.53
6.75
6.57
5.27
7.31
6.75
6.51
6.86
6.9
6.84
6.42
6.68
7.11
6.58
6.34
6.79
6.37
6.67
7.53
6.35
5.94
5.46
5.46
7
7.86
7.58
8.37
7
8
7.06
7.64
7.99
7.14
7.2
7.28
7.86
6.68
6.55
5.03
6.82
6.22
6.87
5.18
7.08
6.62
6.56
6.01
6.49
5.17
5
6.6
5.47
7.8
7.85
8.31
7.48
8.23
7.42
7.47
7.17
7.41
7.32
7.41
8.12
7.56
8.05
7.05
6.22
5.47
6.98
6.91
6.89
7.49
6.47
7.01
6.48
6.34
6.62
5.01
6.24
5.3
6.44
7.25
5.93
6.04
5.72
5.88
5.8
5.72
6.06
6.38
6.82
3.57
5.21
