8.5
7.81
7.61
7.72
8.29
8.01
8.38
7.81
7.62
8.05
7.49
9.12
7.79
8.02
8.01
7.09
7.47
6.98
6.41
6.76
7.85
8.4
6.78
6.95
8.14
6.16
6.95
7.59
7.12
6.8
7.19
7.31
6.78
4.76
6.79
6.81
3.51
5.42
6.49
7.34
7.04
6.89
6.85
5.56
5.06
6.66
6.25
6.42
5.65
6.11
5
6.51
5.72
5.67
5.5
6.16
5.1
4.44
6.12
5.21
4.68
4.43
4.35
8.2
8.53
8.21
8.07
8.5
8.58
8.25
7.65
7.88
7.41
7.74
7.12
7.44
7.06
7.6
7.78
7.08
6.74
7.26
7.54
7.01
7.16
6.27
7.29
6.58
6.34
6.31
5.92
5.68
6.09
6.24
6.14
6.78
4.03
5.56
5.7
6.25
6.02
7.05
5.55
5.73
5.77
5.29
4.67
6.46
6.15
5.65
5
5.73
4.41
5.88
5.23
5.76
5.93
7.33
5.95
6.07
5.36
6.13
7.75
5.93
6.59
6.67
6.94
7.31
7.46
7.07
7.17
6.29
5.18
6.1
5.26
6.37
5.27
6.49
5.93
5.63
5.83
5.44
6.02
4.89
5.23
5.49
4.58
5.32
5.32
5
4.39
5.03
5.94
6.85
6.63
8.41
7.12
7.5
7.76
7.72
7.95
7.78
7.11
8.41
7.61
7.42
7.43
6.25
7.71
7.24
7.23
7.05
6.81
7.41
7.27
7.3
6.66
6.59
7.18
6.36
6.5
6.07
6.41
6.21
6.07
6.59
6.51
6.44
6.4
4.87
6.17
6
8.29
7.32
8.07
7.44
8.68
7.76
7.68
7.56
6.3
7.24
7.78
7.9
7.68
7.47
5.94
6.43
7.04
6.32
6.89
7.72
8.03
7.3
6.98
7.39
6.83
8.14
7.87
6.75
6.87
7.1
6.59
5.61
5.69
6.21
6.19
6.23
6.13
6.33
6.4
5.51
5
5.45
4.35
4.17
5.12
7.29
7.25
