7.91
8.07
7.86
7.86
7.47
7.49
7.26
7.35
7.69
7.45
7.45
7.9
7.68
8.08
6.81
7.27
6.57
7.04
8.11
7.66
7.66
8.22
7.29
6.68
5.77
7.11
7.35
8.04
6.63
7.37
5.28
7.08
6.94
6.68
7.48
4.71
7.39
5.83
6.57
6.8
4.84
5.41
5.48
6.69
5.21
5.64
5.67
5.67
5.27
4.1
5.34
6.47
4.82
5.67
5.57
5.3
4.68
8.2
8.53
8.5
8.07
7.72
8.05
9.12
7.79
8.25
7.65
6.98
8.4
6.95
7.41
8.14
7.74
7.12
7.44
7.06
7.6
7.78
7.08
6.74
7.26
7.53
7.01
7.16
6.27
6.89
6.85
5.56
7.29
6.66
6.58
6.25
6.42
6.34
6.31
5.65
5.92
5.68
6.24
6.14
6.78
4.03
5
5.56
5.7
6.51
5.72
6.25
6.02
5.67
6.16
7.05
5.55
5.1
4.44
5.73
6.12
5.77
5.29
4.67
6.46
6.15
5.65
5
5.73
5.88
5.23
5.21
4.68
5.76
5.93
7.33
5.95
4.43
6.07
5.36
6.13
7.75
5.93
6.6
7.46
7.54
5.99
6.29
4.59
6.42
6.95
2.34
5.79
5.42
4.87
5.09
5.79
5.58
5.24
5.75
6.75
5.55
5.67
6.41
5.41
4.5
6.54
5.03
5.44
5.81
5.75
4.85
4.79
5.53
5.09
5.14
7.56
7.76
7.95
8.5
8.15
7.97
7.16
6.03
7.44
6.37
6.76
6.68
7.18
7.31
6.26
6.69
6.96
6.95
6.81
6.18
6.45
5.67
6.35
5.92
5.59
6.76
6.63
6.41
6.07
6.57
4.63
5.8
8.45
7.77
8.12
7.49
7.39
8.04
8.02
7.68
6.72
6.68
7.21
7.82
6.39
6.34
7.05
6.91
6.49
6.89
6.84
6.39
7.26
7
5.75
4.62
7.07
7.42
7.8
7
7.43
7.84
7.15
7.79
7.09
6.93
8.05
6.47
6.49
7.23
7.04
6.57
6.73
6.59
6.86
6.89
6.82
6.81
6.71
7.29
6.49
6.53
6.5
6.28
6.24
5.76
6.11
6.62
6.42
5.62
