8.41
8.38
7.3
7.82
7.55
7.67
7.03
8.63
7.42
7.29
8.01
8.09
6.56
7.59
5.63
7.11
5.53
7.67
7.32
6.47
8.03
5.75
7.46
7.34
6.84
6.33
7.05
5.76
7.3
7.39
7.17
6.51
7.47
7.69
7.81
5.45
7.13
7.25
5.61
5.43
6.55
7.58
6.51
7.74
7.18
4.38
5.84
6.58
4.44
6.89
6.67
7.3
6.16
6.57
6.46
6.4
6.03
5.59
4.53
5.87
5.38
5.19
4.97
4.38
4.62
5.79
6.85
5.45
5.53
4.82
5.83
5.44
6.92
4.19
8.2
8.53
8.63
7.69
8.25
7.47
7.77
7.74
7.12
7.07
7.6
7.08
7.11
7.28
7.53
7.15
6.27
7.29
6.2
6.56
6.78
4.38
6.07
6.64
6.36
5.68
6.24
5.64
4.03
5.56
5.7
6.02
6.45
5.73
5.77
5.29
4.67
5.66
6.46
6.15
5.73
5.88
5.23
5.76
5.93
7.33
4.43
6.07
5.36
5.3
5.09
6.13
7.75
7.08
7.19
6.01
7.89
7.79
6.43
6.36
4.73
6.25
6.04
7.59
5.8
5.9
5.9
6.43
5.92
6.81
6.28
4.58
6.7
5.24
5.76
5.79
6.59
4.88
4.88
5.58
5.15
5.74
5.8
5.7
5.56
5.76
4.46
5.12
4.2
6.05
6.2
3.93
5.31
6.75
5.64
4.85
4.89
5.37
4.87
4.71
5.76
5.39
4.44
4.74
7.88
8.5
7.47
7.84
7.47
7.23
8.41
7.35
7.46
7.8
7.71
7.7
7.04
7.56
7.27
7.05
7.07
6.96
7.1
7.14
6.95
6.55
6.57
6.5
6.38
6.78
6.77
7.4
7.51
8.26
7.41
7.72
7.46
7.94
6.29
8.12
6.52
7.13
6.44
5.77
5.52
5.58
5.4
5.47
6.55
7.85
6.74
6.82
7.3
6.56
8.05
6.39
7.45
7.34
6.09
6.56
5.57
6.03
6.75
6.68
6.67
6.71
6.43
6.48
5.48
6.94
6.28
6.02
6.28
6.43
5.72
4.22
4.13
