8.54
8.19
8.63
7.81
7.62
7.88
6.99
6.71
8.17
7.29
6.84
8.62
8.11
5.76
7.47
7.01
6.83
7.18
6.39
6.89
6.21
7.75
6.41
6.37
7.22
6.68
5.93
6.44
6.66
6.33
6.59
6.61
6.32
5.98
7.16
4.69
6.77
5.98
6.25
7.11
5.38
6.41
6.78
4.38
6.64
4.88
6.45
6.47
4.76
5.09
8.2
8.53
8.07
8.85
7.69
7.45
9.12
8.25
7.65
8.03
8.13
7.36
7.32
8.4
7.77
7.74
7.95
7.12
7.44
5.92
7.07
7.6
4.64
7.08
7.28
7.78
7.53
6.85
6.86
7.15
6.27
6.59
6.91
6.84
7.29
6.2
7.23
6.56
6.07
6.36
5.65
6.25
5.68
6.24
5.64
6.78
4.03
5
5.56
5.7
5.72
6.02
5.67
6.25
7.05
5.1
5.73
5.77
5.29
4.67
5.65
6.46
6.15
5.73
5.88
4.89
5.23
5.21
5.35
5.76
5.93
7.33
5.95
4.43
6.07
5.36
5.3
6.13
7.75
5.93
7.77
7.08
7.2
7.67
7.89
7.23
6.01
7.68
6.63
5.97
6.67
5.99
6.31
6.06
2.67
5.88
6.19
7.03
4.28
4.89
5.68
5.93
7.2
5.53
6.56
5.84
5.6
6.51
7
5.21
5.2
5.22
5.54
4.85
5.21
7.6
7.73
7.18
6.93
7.79
6.87
6.47
7.7
7.56
7.2
6.29
6.4
6.97
6.3
6.41
7.31
6.78
7.1
5.9
6.89
6.27
7.57
7.12
6.59
6.7
7.05
6.25
5.94
8.44
8.39
7.63
7.24
8.08
6.82
7.29
7.91
6.25
6.48
7.19
6.16
7.07
6.38
6.13
7.4
5.73
7.2
6.38
5.86
6.61
6.25
4.65
5.04
5.84
7
5.62
5.85
5.71
5.2
7.85
7.55
8.27
7.78
7.42
6.65
7.63
8.05
6.57
7.51
5.68
6.93
7.39
6.62
6.59
7.55
6.14
6.65
6.08
6.75
6.67
6.47
5.66
6.52
6.36
5.54
6.13
6.17
5.33
5.8
5.99
5.84
6.08
5.69
5.99
6.46
6.37
5.48
5.25
