8.13
8.97
8.03
8.3
8.45
7.25
7.36
7.84
7.42
7.03
6.82
7.75
8.29
7.09
8.63
7.52
6.78
6.29
6.95
7.8
7.2
5.64
8.27
7.68
6.89
5.54
6.78
6.88
7.23
7.03
6.83
7.14
6.92
7.26
7.35
6.94
6.48
6.76
6.49
6.47
6.64
7.07
5.88
7.11
6.02
7.06
5.25
6.3
4.91
5.68
6.77
6.75
6.09
6.76
5.36
6.9
5.9
6.35
6.79
4.81
5.89
5.63
4.78
7.45
4.86
5.91
5.51
6.09
6.02
5.65
6.9
5.95
6.42
6.73
6
6.07
4.91
6.54
4.65
8.2
8.53
7.69
8.63
7.42
8.55
8.25
7.3
7.74
7.69
7.12
6.02
7.07
7.6
7.74
7.08
6.58
7.11
7.28
6.71
7.53
7.15
6.27
6.16
7.29
6.2
6.57
6.46
6.56
6.78
6.4
6.03
6.36
5.59
4.25
4.53
5.68
5.87
6.24
5.38
4.03
5.19
5.56
5.7
6.02
4.38
6.45
3.57
4.46
4.75
5.73
6.04
5.77
5.29
4.67
5.66
6.15
5.73
5.88
6.85
5.23
5.29
5.76
5.93
7.33
4.43
6.07
5.36
5.3
5.09
6.13
4.82
5.83
5.06
7.29
7.75
4.32
6.69
6.51
7.25
7.57
6.3
6.49
7.15
6.79
6.27
7.67
7.01
6.84
6.24
6.6
6.04
6.33
6.4
6.36
6.57
5.14
6.29
6.09
5.96
6.53
6.56
6.68
7
5.96
5.58
5.98
5.63
5.79
6.88
5.51
5.9
6.42
5.55
6.2
4.92
5.51
5.94
5.79
5.41
6.33
6.42
5.36
4.35
8.17
7.27
7.21
7.89
7.31
7.47
8.41
7.35
8.19
7.56
7.38
5.69
6.97
6.24
6.89
7.27
6.34
6.85
6.21
6.92
6.15
7.31
6.78
6.53
6.84
6.51
6.2
6.42
6.91
6.56
6.93
6.61
6.29
6.3
6.1
6.83
8.34
7.55
7.56
7.21
7.61
7.62
7.26
7.16
7.34
7.84
7.74
7.57
6.33
6.43
7.23
6.7
6.77
6.42
6.93
6.28
6.6
6.57
7.42
6.7
6.08
5.66
4.69
5.78
6.06
6.15
5.75
7
7.8
6.9
6.84
6.93
6.65
8.4
7.13
6.6
6.62
6.74
6.43
7.15
7.37
7.05
6.6
7.08
6.31
5.7
6.39
5.67
5.81
6.27
5.71
6.37
6.78
5.73
5.8
5.77
6.16
6.24
5.57
5.68
5.23
