8.52
8.43
8.13
7.71
7.88
7.4
8.55
7.72
7.44
7.86
6.65
7.57
7.59
5.94
7.38
7.69
6.39
7.09
7.46
6.8
7.88
6.63
7.51
7.6
7.3
7.46
6.79
7.32
7.65
5.85
6.65
6.82
6.8
5.77
6.12
6.76
6.02
7.17
7.05
5.31
6.45
5.51
6.57
6.42
5.59
6.71
3.85
4.25
3.57
4.46
4.75
6.04
5.29
5.06
7.29
4.32
6.69
8.2
8.38
8.53
7.69
8.63
7.42
8.25
7.32
6.47
5.76
7.3
7.77
7.74
7.69
7.12
7.25
7.58
7.06
7.6
7.73
7.08
6.58
7.11
7.26
7.54
6.9
7.16
6.27
6.15
7.29
6.21
6.56
6.46
6.58
6.77
6.43
6.07
6.01
6.34
5.59
4.53
5.68
5.87
6.24
5.38
4.03
5.19
5.56
5.7
6.02
4.38
6.45
5.73
5.77
5.29
4.67
6.15
5.65
4.62
5.73
5.88
6.85
5.23
5.45
5.53
5.76
5.93
7.33
4.43
6.07
5.36
5.3
5.09
6.13
5.83
4.82
7.75
4.19
7.59
7.08
7.48
6.9
7.42
6.33
6.01
6.5
6.32
6.56
6.92
5.67
7.08
3.56
6.75
6.91
6.22
5.25
5.6
6.05
5.71
5.18
4.56
7.58
6.64
6.48
4.89
5.94
5.24
4.6
8.09
6.13
5.55
7.27
6.43
5.21
5.31
5.18
5.29
6
8.22
8.5
7.47
8.47
6.36
6.97
7.86
6.03
7.31
6.95
6.93
7.61
7.25
6.91
7.22
5.75
6.74
6.45
7.15
6.68
6.64
6.29
6.18
9.13
9.02
8.68
8.1
7.87
6.76
7.59
7.95
7.75
7.72
7.41
6.93
7.55
5.95
7.43
7.43
7.37
6.91
6.88
6.58
7.64
6.83
6.04
6.3
5.6
6.12
7.3
8
7.77
7.58
6.86
7.32
7.27
7.64
7.69
7.3
6.38
6.72
6.63
6.85
6.7
6.43
7.2
6.05
6.25
6.87
6.56
6.5
6.25
5.93
6.45
6.24
6.13
6.12
6.73
5.61
5.64
6.33
5.55
7
5.64
5.73
5.48
6.22
6.07
4.72
4.21
