8.21
7.03
8.43
7.82
7.54
7.79
8.03
8.46
6.65
7.38
7.52
8.19
9.04
5.16
6.46
7.48
7.31
7.61
5.49
7.15
6.98
7.66
7.66
8.57
7.72
6.71
6.55
7.26
5.99
5.63
7.67
8.57
6.15
7.92
7.67
5.86
7.69
5.68
7.39
6.76
6.59
6.51
4.72
6.61
4.67
6.68
6.54
4.74
4.85
4.73
6.62
4.82
5.93
5.71
4.8
5.79
5.67
4.63
4
5.74
5.3
5.57
4.86
5.1
7.09
5.6
7.44
6.6
8.53
7.69
6.7
7.19
8.25
8.3
7.56
7.19
7.74
6.83
7.69
7.92
6.65
7.07
6.3
7.74
7.28
6.71
7.53
6.9
7.15
6.81
6.27
7.22
5.87
6.23
7.29
6.2
6.46
5.68
6.37
6.56
5.66
6.48
6.36
5.81
5.51
6.1
6.15
4.25
5.64
4.53
5.68
6.24
5.68
6.35
4.03
5.56
5.7
6.52
6.05
6.02
4.38
6.42
5.37
5.46
4.09
6.9
5.73
5.77
5.29
4.67
5.65
6.15
5.88
5
5.23
6.81
5.76
5.93
5.86
7.33
4.43
5.08
5.36
5.3
5.09
5.6
6.2
6.13
4.82
5.89
7.75
4.35
6.07
6.57
7.43
7.46
6.63
6.51
6.8
6.7
6.05
7.36
6.83
7.6
5.78
7.21
6.49
6.09
6.52
6.58
5.77
7.23
6.08
6.68
4.51
7.7
6.14
5.61
6.71
6.67
6.75
6.22
6.41
4.94
5.79
6.07
5.3
5.77
6.61
5.51
5.61
5.96
6.69
6.38
5.9
4.97
5.48
6.05
5.7
4.94
5.88
5.41
5.87
5.33
5.96
5.21
5.3
5.33
5.21
5.39
6.56
5.32
7.29
7.81
7.1
7.64
8.41
6.55
6.92
7.27
7.19
7.35
7.42
7.14
6.53
6.94
6.91
6.68
7
6.68
6.49
6.47
6.55
6.49
6.63
6.97
7.14
5.72
8.4
8.09
6.67
7.91
8.07
7.87
6.8
7.55
6.91
7.33
6.75
7.01
7.07
6.58
6.06
6.81
5.67
6.96
6.24
6.93
4.6
5.33
6.82
7
7.5
6.26
5.4
6.81
6.45
6.7
7.34
6.61
7.06
7.09
7.26
6.49
5.21
6.48
7.02
6.19
6.32
6.88
5.9
5.43
7.65
6.31
4.32
3.65
3.83
3.64
6
