8.37
8.16
7.01
8.12
7.64
7.51
8.07
7.58
7.74
6.71
9
6.38
7.43
8.83
7.71
6.69
6.52
7.19
5.63
7.42
6.81
5.69
7.68
7.81
6.66
7.66
6.27
6.99
7.35
7.03
5.73
6.23
5.7
5.89
6.8
5.71
6.15
5.7
6.9
5.92
3.29
5.14
4.65
4.94
6.6
6.33
5.19
7.34
5.5
5.03
5.32
8.2
8.53
7.69
7.42
8.45
8.25
6.29
7.2
8.27
7.74
6.83
7.69
7.12
6.47
6.64
7.11
7.06
7.07
7.6
6.3
7.74
7.08
6.76
6.58
7.28
6.71
7.53
6.9
6.35
6.79
5.89
7.15
6.27
6.16
7.29
6.2
6.57
6.46
6.78
6.56
5.91
6.4
6.03
6.36
5.59
5.51
4.25
4.53
6.09
5.68
5.87
6.24
5.38
4.03
5.19
5.56
5.7
6.02
4.38
6.45
3.57
6.9
5.73
6.04
5.77
5.29
4.67
5.65
6.15
6.42
5.88
6.73
5.23
5.29
6.07
5.76
5.93
7.33
4.43
6.07
5.36
5.3
5.09
6.13
4.82
7.75
6.54
7.61
7.25
7.15
6.78
6.58
7.36
5.73
6.39
6.05
6.79
4.07
6.09
7.7
5.73
6.8
7.51
6.51
6.4
6.1
6.66
6.74
6.73
6.67
5.88
6.64
6.02
5.45
4.86
5.75
6.48
4.93
5.25
6.27
5.43
4.37
5.31
4.58
5.17
4.77
5
5.49
3.77
6.06
3.77
5.52
5.8
4.29
7.38
8.22
7.89
7.36
7.18
7.7
7.56
7.98
7.23
7.42
7.39
6.85
5.83
7.51
6.33
6.44
6.86
6.86
6.85
6.68
6.35
6.36
6.45
4.65
5.8
7.2
6.33
7.97
8.86
8.23
7.42
8.46
7.7
7.48
7.76
7.25
7.05
7.27
7.87
7.16
7.17
7.6
4.37
7.01
6.61
5.71
6.95
5.58
7.46
5.92
7.04
6.47
5.85
5.92
7.33
5.87
5.76
5.05
4.76
7.13
7.43
7.34
7.75
7.51
8.37
6.39
6.34
7.14
6.15
6.78
6.77
6.22
6.26
5.53
5.55
5.78
5.63
6.16
6.03
4.41
5
4.38
4.07
5.75
4.84
