8.68
8.43
6.81
7.35
6.7
7.65
8.3
7.12
7.84
6.87
7.12
7.2
7.87
7.54
6.59
6.8
7.45
7.42
8.71
7.01
5.74
7.19
6.94
7.12
7.57
6.34
7.14
6.81
6.59
8.19
7.46
4.63
6.49
6.93
6.65
4.65
7.11
4.88
6.64
6.72
6.28
6.59
7.48
5.93
4.65
7.16
6.81
7.22
6.23
5.68
6.37
5.26
5.66
6.48
5.64
5.81
6.1
6.15
5.64
4.01
5.77
5.68
6.35
6.47
5.49
6.52
5.47
6.42
5.46
5.87
4.09
5
5.73
5.86
5.71
5.08
5.56
5.89
4.52
4.35
6.07
7.33
6.8
8.53
7.69
8.07
8.25
7.81
7.74
6.83
7.69
7.06
7.07
6.3
7.74
6.76
7.28
6.71
7.53
6.9
6.9
6.79
7.15
6.27
7.29
6.2
6.46
6.56
5.91
6.36
4.65
5.51
4.25
4.53
5.68
6.24
4.03
6.33
5.56
5.7
6.02
4.38
6.45
5.5
3.57
6.9
5.73
5.77
5.29
4.67
5.66
6.15
5.88
6.73
5.23
5.29
5.76
5.93
7.33
4.43
5.36
5.3
5.09
6.13
4.82
7.75
8.09
7.6
6.54
6.75
5.04
5.92
7.6
7.4
5.96
6.44
6.74
6.51
5.31
5.28
7.11
6.74
5.61
5.38
6.21
5.93
5.19
6.04
6.22
6.38
6.3
7.38
5.68
6.41
6.65
6.44
5.62
6.34
5.78
5.7
6.04
5.47
5.84
5.48
5
6
6.44
4.96
5.8
6.87
5.6
5.54
7.14
4.55
6.32
5
5.62
7.54
7.7
7.52
7.89
7.46
7.27
7.35
7.3
7.15
6.91
7.19
7.12
7.09
7
6.81
6.31
6.48
6.05
6.19
6.59
6.04
6.13
5.7
5.91
7.59
7.74
7.28
8.31
7.67
7.49
7.81
6.68
6.94
7.2
7.91
6.7
7.08
6.66
6.75
7.09
6.08
6.63
6.26
5.68
5.68
5.73
8.25
7.37
8.06
6.91
7.17
6.41
5.44
6.55
7.07
5.83
5.4
6.86
5.88
6.13
5.91
6.51
6.64
7.2
6.4
6.79
5.64
5.78
4.92
5.94
4.54
5.44
