8.87
7.55
7.84
7.93
7.17
7.19
7.16
6.49
6.71
6.77
8.98
8.3
7.88
7.28
7.7
7.4
5.5
6.79
7.05
6.56
7.61
6.79
6.41
7.56
6.39
7.19
6.76
6.29
6.43
6.6
5.45
6.15
5.44
7.33
5.18
7.92
6.76
7.66
5.9
6.28
5.43
6.57
6.71
6.29
4.07
5.58
5.16
5.87
6.05
5.37
5.36
5.18
6.81
5.53
5.6
6.2
6.57
8.68
8.53
7.69
6.7
7.65
8.25
7.54
7.45
7.42
7.74
6.83
7.69
6.65
7.11
7.07
6.3
7.74
6.76
7.16
7.28
6.71
7.53
6.9
6.9
6.79
7.15
6.81
6.27
7.22
6.23
7.29
6.2
6.46
5.68
6.37
6.56
5.91
5.66
6.48
6.36
5.81
5.51
6.1
6.15
4.25
5.64
4.53
5.68
6.24
5.68
6.35
4.03
5.56
5.7
6.52
6.02
4.38
6.42
5.46
3.57
5.87
4.09
6.9
5.73
5.77
5.29
4.67
5.65
6.15
5.88
6.73
5
5.23
5.73
5.76
5.93
5.86
7.33
4.43
5.08
5.36
5.3
5.09
6.13
4.82
5.89
7.75
4.35
6.07
6.8
6.74
7.04
6.76
6.82
7.28
6.6
6.51
6.88
7.97
7.19
5.68
7.15
6.4
6.97
6.83
6.81
6.8
6.18
5.37
5.98
5.93
6.71
5.34
6.58
7.51
6.65
6.81
5.5
6.26
6.41
5.78
6.98
4.67
6.98
6.82
5.87
4.06
5.3
6.65
5.23
6.16
7.15
7.1
5.94
7.73
6.28
5.44
6.83
4.26
5.93
5.2
5.55
5.54
5.19
5.88
4.36
5.48
6.06
6.47
6.31
5.31
5.36
5.62
6.44
7
None
8.22
8.16
7.89
7.75
8.03
7.41
7.3
7.51
7.29
7.05
7.36
6.64
6.85
7.1
7.22
7
6.62
6.32
6.33
6.24
6.32
6.86
6.07
5.78
6.29
4.89
5.57
8.59
6.52
8.04
7.39
7.31
7.94
7.26
7.11
8.15
7.75
8.15
7.69
6.43
7.08
7.55
8.12
6.66
6.74
6.02
5.62
5.29
6.62
5.71
6.46
6.72
6.55
5.54
7.15
7.3
7.89
6.9
8.45
7.32
8.04
6.48
6.86
7.14
7.87
6.91
7.85
7.05
6.99
6.37
5.8
6.91
5.55
6.11
6.91
5.84
5.75
6.4
5.7
8
5.56
6.11
