8.62
7.54
8.27
7.95
6.78
6.86
8.64
7.9
8.33
8.63
7.61
7.32
7.34
7.15
6.26
6.43
6.81
7.51
7.05
7.91
6.99
7.89
8.82
6.19
7.52
7.49
6.94
7.1
6.53
7.65
6.82
5.44
6.44
5.26
7.65
6.66
5.53
5.59
8.05
7.39
7.61
6.63
5.67
7.89
6.85
6.34
6.16
5.95
6.18
6.03
6.36
5.38
6.2
6.71
5.6
7.5
5.28
8.53
8.21
7.03
7.69
6.7
8.25
9.04
7.26
7.74
6.83
7.69
7.67
8.57
6.65
7.07
6.3
7.74
7.28
6.71
7.53
6.54
7.15
6.81
6.27
7.22
6.62
5.93
7.29
6.2
6.46
6.37
6.56
4.8
5.79
5.66
6.48
6.36
5.81
5.51
5.67
6.1
4.25
5.64
4.53
5.68
6.24
5.68
6.35
4.03
5.56
5.7
6.05
6.02
4.38
6.42
5.37
5.46
4.09
6.9
5.73
5.77
5.29
4.67
5.65
6.15
5.88
5
5.23
4
6.81
5.3
5.76
5.93
7.33
4.43
5.08
5.36
5.3
4.86
5.09
5.6
7.09
6.2
6.13
4.82
5.89
7.44
7.75
6.57
7.95
7.57
6.84
7.93
6.1
6.93
7.56
7.94
5.74
8.18
6.58
5.92
7.55
6.1
5.72
6.09
7.76
6.72
5.88
6.11
5.93
7.12
6.71
5.93
7.33
4.95
5.61
5.6
6.15
4.99
4.97
4.96
5.31
5.86
5.18
4.8
5.14
5.61
4.74
6.17
4.8
4.7
4.96
5.53
5.17
5.97
6.06
5.18
6.22
5.83
4.52
3.74
7.4
7.09
6.55
7.54
7.49
7
7.44
6.43
6.58
6.92
6.41
6.91
6.49
6.42
6.56
6.42
7.25
8.52
8.28
7.9
7.81
7.82
6.82
6.3
6.88
6.4
7.01
7.06
6.99
6.44
6.79
5.92
6.05
7.31
6.64
6.45
5.81
5.86
6.73
7.33
6.62
5.78
5.78
6
8.32
7.4
7.32
7.62
7.04
6.7
5.29
6.49
6.69
6.81
6.17
6.69
5.93
6.22
6.37
7.18
6.3
6.17
4.92
5.92
6.32
6.02
5.2
4.72
7.46
4.76
4.4
6.59
