8.47
8.16
7.29
7.82
6.9
8.42
8.32
8.23
7.23
7.21
7.04
7.1
6.07
6.53
8.08
6.26
7.5
6.83
7.7
7.06
6.93
8.85
6.91
7.66
7.4
7.21
6.8
6.34
6.7
5.44
6.52
6.72
7.18
6.31
6.87
7.7
7.57
5.99
6.75
5.99
4.96
7.84
6.1
5.63
6.56
5.64
6.11
6.42
6.4
6.71
6.73
6
6.28
6.32
4.75
5.56
5.79
7.44
5.4
8.53
8.65
8.58
7.03
6.7
8.25
6.72
7.6
6.89
7.59
7.74
6.83
6.79
6.44
6.65
8.2
7.64
6.99
6.44
7.33
7.89
7.28
7.53
7.3
7.03
7.1
6.53
7.15
6.27
6.84
7.29
6.76
6.46
6.18
6.56
6.48
6.36
6.82
5.51
5.67
5
5.56
4.25
5.64
4.53
5.35
5.68
6.24
5.8
5.68
4.03
7.54
5.65
5.56
6.05
6.02
4.38
5
5.1
4.09
6.9
5.73
5.77
5.29
4.67
5.38
5.65
6.15
6.92
5.88
5
5.23
5.3
4
5.3
5.76
6.86
5.93
6.71
7.33
4.43
5.08
5.36
5.3
5.09
5.6
8.5
6.13
4.82
5.89
7.5
7.44
6.29
5
7.75
6.57
7.93
8.63
5.79
5.69
7.26
6.14
6.9
6.1
5.45
7.13
5.96
7.18
6.84
5.82
5.52
6.81
6.96
6.78
6.1
6.88
6.72
7.83
6.18
5.45
5.55
6.49
6.35
5.19
5.64
6.27
6.07
5.79
5.22
7.02
5.89
7.07
6.3
6.4
8.21
6.71
4.86
6.74
5.83
5.81
5.47
8.33
5.29
6.41
5.12
5.47
5.44
5.26
6.6
4.3
6.53
5
6.91
7.71
7.58
6.63
4.23
4.58
4.65
7.75
4.93
7.81
6.66
7.5
7.41
7.15
7.56
7.29
7.54
7.12
6.69
6.93
6.61
7.23
6.68
6.77
6.41
7.22
7.08
7.02
6.46
6.16
8.21
8.63
7.69
6.58
6.79
7.44
7.29
7.49
8.26
8.05
7.83
7.37
7.39
7.2
6.52
6.88
7.22
5.84
7.44
6.7
5.42
6.29
6.11
6.83
7.1
6.81
5.18
7.6
6.82
5.27
8.37
7.18
6.61
7.6
5.78
5.9
6.65
6.21
6.24
5.96
5.45
6.74
5.6
4.32
7.86
