8.49
7.68
8.22
7.76
6.5
7.72
8.21
8.81
7.65
7.38
7.62
6.82
8.01
8.56
6.87
7.16
5.1
5.53
7.41
8.17
5.05
7.18
7.6
7.73
7.12
7.07
7.35
5.82
7.51
6.99
6.59
7.08
6.36
5.62
6.64
7.17
6.29
5.74
5.91
6.22
6.64
5.81
5.71
6.16
5.42
6.49
7.23
8.48
6.55
6.41
6.83
6.12
5.56
6.07
5.67
4.95
4.41
4.17
5.13
6.44
7.6
5.5
8.53
7.03
6.7
8.25
8.32
7.59
7.74
6.83
6.78
7.18
6.65
7.7
7.33
7.89
7.84
7.28
7.53
7.3
7.1
7.15
5.64
6.27
6.84
7.29
6.76
6.46
6.18
6.56
6.71
6.36
6.82
5.51
5.67
5
6.73
5.56
4.25
6
5.64
4.53
5.35
5.68
6.24
5.8
6.28
5.68
4.03
5.65
5.56
6.05
6.02
4.38
5.1
4.09
6.9
5.73
5.77
5.29
4.67
5.38
5.65
6.15
6.92
4.75
5.88
5
5.23
5.3
4
5.3
5.76
5.93
6.71
7.33
4.43
5.08
5.36
5.3
5.09
5.6
8.5
6.13
4.82
5.89
7.5
7.44
6.29
5
5.4
7.75
8.63
7.22
6.59
5.72
7.35
7.66
7.06
6.41
7.11
5.76
6.67
7.42
7.99
7.88
6.23
7.93
6.43
7.45
6.72
7.63
7.95
5.73
5.73
6.17
5.76
7.16
5.91
6.69
6.84
5.96
6.74
6.1
5.35
7.33
7.71
6
7.26
5.52
8.47
5.72
5.11
5.82
5.68
5.72
4.81
8.22
4.64
5.26
5.26
6.25
5.42
6.19
4.84
5.83
4.59
5.8
4.12
5.56
6.86
5.7
5.5
7.78
7.52
7.29
6.54
7.48
7.27
6.52
6.98
7.41
6.93
7.31
6.7
6.61
7.16
6.08
6.33
7.03
6.64
6.3
6.05
6.24
5.94
6.67
8.33
8.69
6.42
7.72
7.49
7.19
7.4
7.22
6.85
7.25
7.21
7.15
6.01
6.37
6.79
6.51
7.67
4.52
6.5
6.59
6.67
7.1
8.34
7.62
5.97
7.18
7.39
7.58
7.01
7.5
7.1
6.14
6.95
7.93
6.92
6.85
6.91
6.73
6.38
6.41
5.62
6.34
6.07
6.66
5.92
6.69
5.89
4.74
4.84
4.3
5.44
5.53
