8.65
7.14
8.58
8.06
8.36
7.3
8.33
8.05
7.49
7.6
6.72
6.81
7.79
6.55
6.87
7.54
7.6
7.44
7.66
6.7
6.18
6.89
7.64
7.45
7.5
7.59
5.92
6.12
5.6
6.79
5.41
6.44
6.54
6.44
7.19
6.63
7.18
6.4
8.2
5.73
7.64
7.28
7.64
7.84
6.99
6.44
5.51
5.38
7.33
5.26
6.37
6.58
7.3
7.03
7.1
6.53
6.64
3.63
6.84
6.76
6.48
6.82
6.72
5
5.56
5.35
5.8
7.54
5.65
5
5.1
6.92
5.3
6.86
8.5
6.29
5
8.53
7.54
8.27
7.03
6.7
8.25
8.63
7.32
6.26
7.89
6.94
7.74
6.83
7.65
5.53
6.65
8.05
7.61
5.67
7.89
7.28
7.53
7.15
6.27
7.29
6.2
6.46
6.18
6.56
6.36
5.51
5.67
4.25
5.64
4.53
5.68
6.24
5.68
4.03
5.56
6.05
6.02
4.38
4.09
6.9
5.73
5.77
5.29
4.67
5.38
5.65
6.15
5.88
5
5.23
4
6.2
5.3
5.76
5.93
6.71
7.33
4.43
5.08
5.36
5.3
5.09
5.6
7.09
6.2
6.13
4.82
5.89
7.5
7.44
7.75
6.57
7.41
7.82
7.93
8.43
6.42
7.17
7.34
5.73
6.65
6.39
5.82
6.67
7.05
6.18
6.52
6.69
6.78
6.95
6.72
6.63
6.24
7.35
6.85
6.53
6.73
6.71
5.92
5.97
6.73
6.6
6.72
6.31
6.06
5.88
5.52
5.56
5.23
6.5
5.76
6.79
4.6
5.94
7.71
3.79
6.85
6
7
4.97
5.49
5.03
5.07
5.63
7.81
7.59
8.41
7.91
7.56
6.77
7.45
7.21
6.46
6.95
6.79
7.06
6.65
6.71
6.72
6.68
6.2
5.35
6.18
6.1
6.5
8.29
8.17
6.3
7.31
6.91
7.25
7.82
7.01
6.75
6.89
7.16
6.55
6.79
7.83
6.94
6.49
5.94
5.51
7.53
7.48
7.11
6.13
6.14
6.36
6.66
6.71
6.61
5.17
5.88
5.88
6.1
5.36
5.46
5.17
6.77
4.93
5.3
5.23
6.88
